topo983by450.txt
ncols        983
nrows        450
xllcorner    -123.941666666667
yllcorner    32.991666666667
cellsize     0.016666666667
[rows 114 to 151 of 450, columns 870 to 956 of 983]
1688 1737 1857 2026 2094 1922 1869 2014 2090 2305 2528 2443 2641 2779 2708 2583 2450 2484 2565 2535 2432 2370 2440 2490 2448 2369 2289 2147 1987 1840 1726 1758 1733 1764 1905 1843 1905 1986 1977 1946 2115 2317 2455 2538 2628 2663 2750 2848 2774 2632 2577 2496 2528 2577 2525 2417 2386 2315 2284 2372 2350 2147 2091 2346 2303 2131 2167 2253 2183 2077 2128 1966 2063 1915 1974 1848 1865 1882 1841 1798 1754 1728 1700 1686 1671 1701 1705
1639 1714 1845 2053 2195 2278 2214 2109 2201 2644 3089 2870 2925 2980 2876 2625 2626 2615 2607 2641 2542 2484 2501 2534 2499 2446 2352 2261 2131 1867 1744 1585 1667 1731 1885 1800 1827 1849 1806 1892 2039 2122 2233 2367 2480 2632 2683 2832 2751 2691 2655 2658 2587 2557 2575 2616 2591 2538 2424 2259 2193 2235 2150 2341 2205 2296 2324 2278 2145 2140 2060 2121 2065 2021 1934 1817 1957 1952 1896 1844 1817 1769 1726 1698 1699 1700 1729
1624 1692 1818 2099 2181 2295 2382 2421 2402 2522 2989 3206 3433 3314 2994 2823 2734 2662 2580 2655 2697 2686 2559 2188 2003 1981 2157 2166 1907 1715 1730 1740 1707 1834 1885 1782 1680 1702 1815 1885 1896 2068 2231 2392 2539 2568 2708 2796 2785 2773 2764 2698 2657 2726 2644 2564 2424 2347 2280 2405 2454 2283 2284 2301 2283 2394 2316 2223 2173 2156 2223 2113 2047 1999 1949 1888 2037 1986 1943 1885 1840 1805 1769 1727 1740 1720 1735
1631 1735 1817 1994 2198 2341 2462 2588 2715 2912 3128 3236 3514 3288 3267 2993 2808 2686 2579 2571 2652 2686 2494 2107 1952 1798 1757 1852 1789 1928 1899 1804 1693 1660 1646 1645 1686 1722 1837 1838 1867 1903 2026 2202 2467 2632 2697 2657 2642 2789 2752 2749 2729 2660 2591 2511 2457 2369 2503 2563 2412 2298 2400 2311 2431 2364 2284 2275 2207 2289 2211 2177 2120 2024 1857 2089 2078 2027 1985 1937 1896 1850 1786 1787 1781 1753 1741
1604 1679 1971 2142 2204 2307 2447 2625 2712 2742 3020 3194 3408 3459 3352 3130 2839 2720 2623 2531 2541 2580 2540 2254 1947 1801 1708 1679 1994 2077 1897 1788 1649 1646 1877 1853 1850 1820 1815 1797 1810 1852 1927 2053 2212 2327 2405 2485 2590 2706 2831 2846 2762 2725 2638 2533 2511 2596 2612 2466 2374 2516 2465 2438 2459 2398 2410 2334 2342 2271 2232 2225 2120 1956 1950 2169 2136 2096 2046 1987 1946 1887 1819 1838 1817 1787 1765
1618 1664 1800 2078 2208 2294 2366 2472 2519 2744 2836 3232 3346 3349 3393 3278 2940 2757 2630 2518 2402 2430 2388 2411 2162 1857 1740 1714 1816 2085 1941 1774 1629 1652 1842 1898 1844 1799 1731 1745 1827 1858 1908 1974 2041 2198 2406 2463 2590 2653 2730 2904 2824 2757 2749 2693 2665 2618 2572 2510 2568 2575 2552 2539 2489 2511 2476 2443 2356 2341 2302 2225 2197 2044 2011 2234 2199 2160 2113 2062 1996 1958 1827 1908 1866 1827 1799
1529 1619 1732 1842 1998 2148 2287 2405 2549 2794 2988 3119 3232 3125 3015 3019 2956 2762 2610 2445 2430 2431 2467 2307 2290 2060 1803 1773 1804 2047 2010 1825 1696 1575 1741 1882 1831 1775 1657 1771 1805 1863 1857 1891 1957 2068 2177 2273 2376 2530 2685 2800 2925 2863 2780 2704 2682 2668 2643 2621 2610 2597 2590 2577 2578 2569 2527 2481 2467 2444 2348 2360 2288 2062 2080 2299 2261 2218 2176 2126 2095 1988 1867 1921 1926 1884 1811
1569 1598 1684 1848 1989 2091 2236 2436 2593 2908 3103 3307 3522 3271 3047 2928 2777 2686 2594 2531 2527 2484 2516 2469 2295 2186 2065 2021 2001 2084 2095 1920 1750 1598 1567 1747 1800 1663 1667 1748 1749 1781 1829 1919 1979 2014 2095 2163 2210 2344 2532 2633 2744 2829 2855 2806 2778 2745 2734 2709 2684 2689 2668 2670 2677 2634 2623 2567 2606 2534 2516 2420 2309 2237 2076 2317 2320 2278 2233 2200 2133 2012 1914 1964 1965 1868 1856
1601 1654 1714 1799 1888 2034 2175 2420 2680 2962 3329 3367 3514 3295 3115 2926 2793 2742 2681 2578 2512 2531 2460 2383 2433 2438 2214 2089 1945 1966 1956 1891 1819 1644 1530 1533 1572 1602 1659 1661 1695 1759 1821 1873 1917 1972 2020 2065 2112 2208 2279 2355 2439 2577 2791 2867 2807 2756 2619 2720 2727 2735 2727 2742 2735 2730 2684 2693 2658 2620 2582 2536 2442 2271 2177 2196 2370 2331 2291 2256 2174 1999 2013 2084 2006 1907 1861
1663 1683 1791 1893 1948 2002 2051 2231 2524 2778 3199 3355 3443 3226 3000 2824 2681 2657 2658 2584 2469 2404 2392 2337 2349 2376 2336 2321 2143 2122 1870 1672 1635 1690 1700 1648 1520 1686 1770 1749 1731 1755 1778 1810 1844 1891 1939 1987 2019 2088 2148 2197 2294 2401 2552 2681 2866 2749 2579 2577 2776 2788 2780 2781 2768 2752 2744 2735 2700 2677 2646 2606 2498 2434 2345 2249 2400 2393 2355 2282 2109 2024 2175 2155 2111 2023 1943
1687 1727 1811 1886 1995 2093 2214 2269 2622 2910 3111 3104 2966 2869 2803 2745 2685 2561 2559 2538 2487 2418 2321 2269 2240 2205 2004 1985 2107 2184 2110 2023 2016 1918 1806 1729 1611 1635 1816 1794 1782 1762 1734 1732 1773 1823 1871 1902 1957 1993 2040 2106 2175 2241 2314 2426 2587 2668 2450 2458 2689 2796 2781 2792 2807 2808 2798 2789 2779 2761 2723 2680 2640 2577 2468 2349 2478 2471 2403 2245 2193 2123 2248 2212 2180 2125 2074
1758 1795 1792 1877 2065 2171 2242 2417 2684 2977 3301 3218 2928 2723 2647 2567 2557 2535 2444 2465 2436 2430 2433 2365 2227 2113 1895 1719 1736 1799 1864 2035 2126 2040 1908 1777 1707 1591 1788 1805 1768 1642 1684 1738 1761 1786 1810 1828 1861 1896 1975 1999 2071 2174 2243 2267 2355 2477 2356 2296 2451 2475 2480 2557 2545 2648 2771 2861 2867 2840 2808 2776 2742 2658 2479 2559 2569 2528 2433 2392 2323 2223 2286 2290 2237 2193 2145
1814 1887 1878 1922 1999 2117 2223 2336 2609 2884 2979 3018 2960 2715 2530 2462 2427 2436 2392 2357 2345 2330 2389 2391 2234 2042 1793 1680 1653 1644 1649 1678 1843 1964 1979 1903 1806 1674 1619 1672 1644 1609 1727 1753 1775 1743 1750 1776 1805 1839 1876 1959 2037 2153 2158 2091 2294 2260 2168 2179 2241 2239 2312 2334 2320 2435 2542 2732 2886 2900 2884 2851 2817 2613 2688 2665 2619 2548 2561 2534 2479 2426 2392 2357 2307 2259 2213
1685 1813 1777 1876 1960 2015 2072 2192 2324 2510 2651 2671 2649 2551 2441 2371 2329 2335 2304 2291 2276 2270 2280 2249 2190 2122 1814 1670 1621 1613 1601 1593 1600 1628 1851 1941 1778 1623 1674 1872 1812 1675 1597 1678 1703 1692 1718 1719 1743 1768 1779 1816 1890 1932 1952 2011 2079 2122 2195 2318 2324 2380 2363 2380 2362 2392 2488 2607 2691 2799 2909 2927 2862 2764 2681 2769 2684 2625 2660 2642 2580 2511 2458 2415 2370 2327 2284
1697 1718 1744 1804 1874 1937 2009 2096 2206 2315 2404 2439 2452 2419 2356 2312 2273 2252 2267 2222 2212 2204 2189 2143 2061 2048 2020 1839 1685 1598 1574 1569 1561 1549 1542 1555 1763 1830 1767 1858 1844 1753 1730 1621 1621 1706 1728 1719 1727 1754 1797 1856 1897 1951 1985 2096 2189 2259 2285 2302 2290 2315 2348 2450 2490 2507 2525 2573 2711 2789 2848 2918 2933 2829 2796 2824 2794 2704 2728 2675 2644 2634 2554 2484 2450 2398 2349
1773 1798 1813 1883 1907 1945 1983 2036 2111 2188 2242 2288 2322 2323 2344 2301 2240 2196 2184 2198 2081 2005 2025 1958 1930 1886 1881 1859 1901 1815 1632 1566 1543 1526 1513 1554 1824 1963 1897 1910 1848 1918 1807 1747 1625 1790 1768 1748 1720 1733 1770 1820 1882 1917 1977 2028 2121 2145 2142 2223 2159 2245 2389 2445 2467 2548 2612 2599 2634 2704 2858 2967 2990 2991 2957 2911 2878 2793 2813 2772 2708 2609 2570 2578 2522 2448 2319
1780 1803 1841 1962 1973 1932 1949 1984 2032 2084 2133 2158 2195 2231 2264 2319 2325 2272 2221 2243 2217 2183 2125 2161 2142 2006 1898 1910 1861 1814 1913 1847 1638 1517 1515 1532 1588 1733 1956 2016 1966 1938 1923 1860 1760 1648 1717 1706 1708 1717 1731 1773 1829 1893 1913 1957 2000 2037 2055 2114 2080 2201 2256 2311 2326 2484 2485 2522 2582 2666 2758 2830 2962 3037 3003 2909 2938 2902 2861 2772 2743 2744 2717 2663 2540 2418 2361
1808 1832 1831 1842 1865 1959 1979 1996 2017 2042 2069 2084 2089 2124 2171 2218 2247 2253 2260 2228 2253 2257 2262 2251 2201 2116 2079 2062 1959 1774 1866 1948 1682 1749 1774 1637 1564 1603 1663 1835 1978 1983 1967 1929 1856 1728 1618 1667 1710 1722 1727 1763 1799 1854 1906 1905 1941 1999 1985 1982 1984 2043 2099 2088 2165 2250 2283 2339 2423 2464 2516 2669 2794 2912 2803 2788 2940 2930 2885 2889 2867 2838 2788 2729 2628 2516 2460
1800 1811 1860 1907 1912 1982 1963 1977 2017 2037 2047 2042 2033 2040 2073 2109 2122 2127 2163 2137 2188 2224 2230 2232 2205 2132 2094 2042 1983 1867 1707 1649 1611 1720 1784 1895 1818 1638 1617 1636 1662 1791 1947 1969 1906 1831 1701 1648 1753 1726 1710 1732 1767 1821 1870 1863 1916 1977 1894 1834 1865 1964 1984 1949 1954 2006 2099 2220 2250 2351 2459 2520 2575 2721 2569 2736 2758 2800 2967 2984 2975 2924 2856 2774 2691 2687 2591
1769 1808 1820 1832 1879 1972 1982 1989 2017 2046 2075 2058 2030 2001 2007 2014 2023 2031 2056 2058 2075 2114 2122 2148 2033 1982 1962 2008 1994 1923 1694 1783 1944 1927 1934 1836 1887 1884 1696 1650 1652 1656 1705 1813 1917 1918 1826 1667 1656 1667 1715 1721 1733 1760 1793 1828 1870 1891 1798 1888 1915 1890 1855 1948 1955 1953 2008 2108 2232 2312 2362 2392 2429 2398 2423 2552 2486 2626 2751 2822 2915 2964 2927 2881 2835 2792 2701
1751 1770 1781 1809 1900 1874 1913 1987 2045 2093 2099 2107 2064 2024 1989 1965 1954 1965 1981 2003 2009 2057 2006 1996 1941 1832 1816 1942 1887 1775 1680 1914 2004 2044 2060 1988 1881 1904 1933 1769 1684 1688 1696 1697 1768 1925 1881 1819 1763 1686 1719 1748 1765 1767 1759 1784 1771 1774 1843 1913 1954 2009 2003 1947 2050 2072 2070 2136 2265 2334 2332 2271 2319 2257 2391 2384 2423 2551 2557 2619 2763 2858 2896 2884 2897 2838 2761
1722 1728 1760 1772 1788 1794 1819 1911 2006 2099 2077 2064 2124 2089 2018 1972 1934 1914 1922 1939 1942 1999 1888 1861 1844 1801 1686 1708 1694 1676 1703 1855 1852 1836 1925 1990 1946 1959 1964 2055 1922 1863 1821 1728 1733 1774 1851 1874 1817 1754 1681 1762 1782 1781 1744 1735 1777 1820 1859 1896 1943 1990 2044 2064 1947 2064 2110 2125 2199 2293 2260 2221 2287 2265 2300 2302 2355 2396 2439 2462 2522 2571 2631 2804 2942 2869 2806
1766 1764 1734 1755 1781 1823 1841 1852 1927 2054 2088 2002 2084 2114 2098 2018 1954 1914 1894 1884 1878 1855 1766 1732 1742 1703 1805 1740 1633 1699 1692 1684 1769 1887 2068 2104 2018 2062 2057 2087 2120 2105 1999 1861 1793 1795 1786 1780 1739 1778 1734 1724 1714 1716 1727 1744 1778 1801 1845 1883 1912 1971 2022 2054 2064 1962 2022 2116 2062 2108 2172 2314 2373 2393 2398 2435 2456 2439 2433 2487 2498 2524 2599 2732 2872 2834 2734
1809 1791 1768 1755 1764 1810 1816 1824 1903 1975 2083 2008 2020 2105 2076 2087 2008 1945 1922 1894 1850 1834 1745 1767 1894 1894 1918 1700 1662 1793 1716 1657 1715 1849 2016 2032 1941 1963 2002 1925 2028 2111 2140 2022 1968 1952 1948 1873 1727 1697 1754 1805 1793 1781 1804 1797 1795 1811 1832 1879 1922 1940 1986 2007 2039 2092 2057 2034 2020 2149 2230 2292 2353 2396 2392 2399 2421 2488 2525 2540 2571 2583 2585 2599 2635 2630 2626
1845 1797 1794 1779 1762 1778 1808 1826 1876 1889 1965 2062 1926 2054 2082 2028 2045 2000 1940 1904 1902 1886 1853 1847 2010 2089 1988 1795 1742 1738 1799 1738 1706 1738 1789 1791 1791 1848 1860 1933 2087 2112 2120 2111 2127 2143 2085 1877 1833 1826 1786 1835 1845 1832 1843 1838 1835 1832 1857 1878 1919 1955 1974 1993 2040 2070 2098 2135 2141 2071 2112 2248 2301 2351 2344 2393 2422 2447 2495 2513 2569 2627 2649 2631 2650 2652 2658
1883 1836 1807 1799 1788 1771 1794 1815 1826 1840 1870 1946 1898 1911 2029 2062 2004 2016 1977 1951 1942 1922 1924 1940 2026 2076 2041 1915 1781 1709 1700 1729 1743 1751 1744 1909 1909 1983 1881 1961 2083 2098 2091 2083 2091 2078 1952 1854 2060 2104 1972 1927 1914 1891 1886 1881 1867 1860 1881 1923 1927 1936 1982 2015 2048 2073 2083 2093 2136 2173 2138 2072 2160 2261 2370 2454 2481 2478 2523 2546 2569 2630 2674 2666 2693 2712 2707
1874 1843 1833 1835 1821 1805 1779 1813 1819 1822 1848 1867 1895 1901 1948 1991 2012 1972 1988 2023 1988 1970 1968 1985 1994 2058 2111 2139 2030 1816 1733 1712 1668 1718 1951 2094 2097 2107 1987 2065 2086 2055 2040 2033 2040 2024 2007 1878 2063 2155 2186 2122 2054 1983 1959 1935 1913 1901 1925 1954 1968 1997 1976 1987 2031 2040 2051 2095 2111 2133 2174 2195 2096 2264 2357 2427 2487 2523 2537 2566 2574 2626 2678 2703 2686 2730 2739
1899 1870 1879 1890 1849 1817 1786 1811 1872 1863 1932 2006 1938 1906 1955 1998 2091 2103 2015 1972 1953 2002 2023 2022 2017 2052 2094 2106 1987 1965 1972 1980 1909 1709 1851 1960 2006 2097 2109 2091 2061 2027 2002 1985 1984 1990 1989 1935 1943 2057 2112 2155 2164 2088 2044 2004 1952 1968 1989 2001 2019 2037 2037 2033 2097 2102 2081 2121 2131 2141 2162 2197 2165 2181 2230 2280 2375 2416 2482 2539 2528 2607 2677 2717 2664 2707 2727
1869 1931 1912 1873 1845 1841 1815 1785 1817 1888 2036 2174 2131 1976 1962 1972 2020 2114 2113 2012 1949 1920 1951 2010 2048 2088 2109 2073 1933 1840 1905 2018 2005 1753 1642 1716 1913 2013 2021 2013 2044 2020 1988 1968 1950 1945 1946 1982 2009 1987 2038 2074 2098 2087 2082 2009 2008 2039 2053 2055 2083 2100 2076 2120 2166 2168 2141 2171 2186 2177 2184 2205 2237 2271 2187 2270 2324 2358 2345 2414 2467 2519 2617 2667 2655 2723 2754
1901 1927 1901 1881 1876 1862 1811 1816 1794 1818 1857 2000 2109 2135 2159 2153 2199 2188 2169 2073 2003 1935 1914 1917 1928 1989 2023 1924 1807 1782 1763 1936 1916 1742 1719 1695 1694 1787 1954 2091 2101 2043 2004 1971 1946 1930 1929 1950 1958 1970 2003 2019 2038 2044 2024 2004 2051 2082 2103 2108 2174 2144 2143 2220 2256 2234 2205 2278 2305 2287 2258 2259 2265 2298 2242 2192 2378 2421 2452 2474 2495 2521 2568 2585 2639 2671 2707
1915 1915 1957 1926 1870 1833 1819 1844 1847 1823 1813 1827 1882 2004 2138 2168 2184 2197 2205 2179 2122 2068 1988 1935 1937 1879 1874 1887 1916 1857 1787 1728 1740 1891 1913 1861 1796 1735 1765 1814 1890 1970 2013 2014 1976 1945 1931 1931 1926 1935 1954 1970 1985 1999 2001 2018 2050 2094 2146 2152 2243 2209 2275 2288 2374 2309 2262 2369 2365 2346 2334 2332 2333 2295 2358 2279 2353 2467 2496 2514 2525 2563 2588 2581 2584 2531 2611
1901 1943 1973 1910 1869 1838 1849 1995 2093 2022 2024 1955 1847 2029 2146 2143 2148 2162 2175 2182 2140 2031 1986 2005 1990 1958 2031 2068 2104 2060 1888 1716 1849 1871 1834 1823 1828 1829 1819 1796 1781 1789 1816 1878 1991 2008 1965 1942 1944 1947 1949 1959 1975 1985 2000 2026 2059 2111 2172 2200 2285 2308 2341 2352 2380 2353 2312 2444 2442 2431 2443 2418 2404 2322 2439 2446 2291 2385 2544 2619 2608 2607 2615 2595 2565 2492 2678
1893 1933 1958 1903 1869 1855 1883 2094 2183 2165 2160 2073 1883 1908 2068 2096 2120 2144 2154 2167 2078 2040 2112 2099 2054 2026 2090 2135 2142 1985 1839 1715 1763 1796 1789 1758 1748 1755 1770 1806 1849 1863 1830 1827 1854 1928 2007 1988 1965 1966 1968 1970 1989 2003 2013 2026 2072 2149 2266 2288 2302 2353 2406 2398 2389 2420 2336 2480 2474 2492 2565 2538 2505 2405 2522 2563 2484 2292 2282 2559 2704 2674 2707 2637 2501 2596 2655
1911 1942 1998 1987 1968 1895 1942 2082 2178 2155 2135 2075 1944 1985 1925 2062 2126 2128 2141 2154 2138 2136 2187 2187 2142 2149 2142 2092 2014 1944 1835 1842 1761 1734 1752 1737 1721 1726 1737 1749 1774 1811 1882 1888 1858 1887 1923 1975 2002 1992 1997 1995 2010 2029 2031 2041 2071 2151 2321 2431 2440 2403 2432 2408 2415 2444 2370 2438 2510 2526 2563 2531 2534 2417 2548 2579 2582 2519 2435 2292 2320 2382 2497 2415 2599 2742 2659
1928 1982 2147 2176 2089 1952 2102 2153 2169 2152 2135 2108 2054 2108 2085 2047 2105 2117 2126 2141 2161 2177 2194 2219 2233 2255 2272 2167 2039 1961 1988 1954 1811 1795 1769 1728 1724 1716 1722 1744 1757 1774 1784 1817 1905 1947 1962 1994 2017 2031 2042 2121 2108 2068 2062 2066 2118 2175 2244 2459 2534 2514 2532 2435 2411 2425 2428 2363 2477 2527 2545 2547 2542 2489 2467 2583 2620 2569 2677 2501 2597 2480 2377 2324 2622 2820 2749
1987 2139 2231 2183 2085 2027 2156 2151 2144 2130 2112 2086 2094 2094 2077 2076 2069 2099 2114 2127 2146 2170 2192 2215 2244 2266 2258 2114 1988 2139 2145 1999 1959 1910 1864 1828 1760 1774 1750 1733 1734 1749 1760 1787 1819 1888 1974 2031 2141 2176 2192 2250 2287 2161 2134 2122 2118 2153 2240 2401 2599 2624 2623 2577 2417 2386 2408 2407 2429 2495 2534 2550 2632 2670 2520 2560 2633 2644 2626 2630 2739 2812 2812 2507 2388 2528 2536
2184 2240 2200 2174 2142 2111 2138 2135 2125 2118 2105 2090 2091 2076 2072 2073 2072 2070 2093 2110 2137 2155 2169 2198 2218 2224 2067 2006 2162 2219 2205 2100 2177 2053 1969 1832 1827 1877 1840 1789 1758 1751 1764 1789 1818 1844 1890 1939 1994 2080 2133 2116 2224 2339 2415 2280 2153 2162 2229 2340 2553 2673 2609 2603 2426 2365 2375 2398 2493 2485 2535 2566 2603 2660 2562 2651 2676 2717 2698 2691 2751 2846 2881 2834 2534 2624 2632
2289 2241 2193 2159 2143 2120 2126 2126 2118 2105 2089 2086 2077 2072 2068 2064 2061 2059 2081 2098 2120 2137 2157 2148 2092 2118 2137 2051 2212 2312 2197 2229 2247 2223 2162 2016 1873 2007 1963 1882 1812 1764 1765 1793 1807 1819 1837 1879 1902 1942 1952 2040 2118 2219 2374 2443 2224 2215 2280 2378 2544 2574 2530 2442 2411 2370 2359 2397 2519 2502 2549 2585 2621 2665 2598 2658 2706 2748 2739 2743 2789 2854 2857 2759 2581 2787 2831
