topo983by450.txt
ncols        983
nrows        450
xllcorner    -123.941666666667
yllcorner    32.991666666667
cellsize     0.016666666667
[rows 380 to 417 of 450, columns 87 to 173 of 983]
-3914 -4000 -4065 -4207 -4193 -4178 -4162 -4142 -4119 -4093 -4065 -4034 -3997 -3957 -3913 -3875 -3846 -3822 -3820 -3824 -3823 -3827 -3840 -3853 -3861 -3858 -3856 -3856 -3849 -3805 -3782 -3780 -3738 -3708 -3690 -3672 -3662 -3661 -3662 -3654 -3625 -3591 -3597 -3611 -3621 -3632 -3640 -3643 -3642 -3635 -3620 -3596 -3582 -3592 -3592 -3586 -3573 -3554 -3532 -3503 -3465 -3421 -3387 -3329 -3280 -3229 -3123 -3004 -2973 -2970 -2983 -3036 -3102 -3019 -2936 -2817 -2698 -2577 -2436 -2315 -2183 -2083 -2041 -2008 -1980 -1924 -1786
-4030 -4078 -4131 -4196 -4194 -4179 -4161 -4141 -4119 -4094 -4065 -4035 -4002 -3968 -3932 -3900 -3872 -3851 -3841 -3831 -3818 -3832 -3847 -3862 -3871 -3863 -3861 -3858 -3858 -3808 -3785 -3766 -3738 -3714 -3694 -3677 -3665 -3660 -3653 -3639 -3614 -3596 -3613 -3629 -3640 -3647 -3646 -3644 -3641 -3630 -3609 -3580 -3577 -3584 -3582 -3572 -3560 -3554 -3540 -3486 -3421 -3362 -3303 -3247 -3212 -3183 -3102 -3016 -2981 -2983 -3048 -3142 -3152 -3026 -2914 -2780 -2642 -2521 -2409 -2284 -2172 -2097 -2056 -2008 -1972 -1964 -1864
-4140 -4179 -4229 -4233 -4230 -4199 -4169 -4135 -4103 -4082 -4061 -4037 -4010 -3979 -3948 -3920 -3895 -3875 -3857 -3844 -3832 -3841 -3853 -3859 -3862 -3862 -3862 -3864 -3846 -3802 -3778 -3749 -3738 -3720 -3699 -3680 -3667 -3656 -3646 -3632 -3624 -3624 -3635 -3649 -3664 -3666 -3654 -3648 -3642 -3634 -3596 -3569 -3576 -3582 -3573 -3555 -3545 -3545 -3533 -3450 -3375 -3279 -3196 -3173 -3179 -3153 -3100 -3016 -2965 -2966 -3138 -3160 -3127 -3016 -2916 -2752 -2599 -2490 -2391 -2264 -2159 -2113 -2076 -2006 -1957 -1968 -1775
-4194 -4230 -4254 -4253 -4239 -4204 -4165 -4128 -4095 -4064 -4039 -4028 -4015 -3990 -3963 -3938 -3914 -3895 -3877 -3863 -3854 -3855 -3855 -3857 -3858 -3856 -3858 -3863 -3806 -3787 -3771 -3746 -3738 -3727 -3703 -3681 -3667 -3656 -3644 -3631 -3625 -3632 -3656 -3668 -3687 -3685 -3657 -3648 -3639 -3627 -3586 -3561 -3558 -3556 -3546 -3530 -3515 -3497 -3462 -3410 -3347 -3289 -3196 -3181 -3171 -3148 -3105 -3065 -3037 -3054 -3097 -3101 -3040 -3004 -2912 -2774 -2630 -2499 -2393 -2269 -2171 -2127 -2107 -1998 -1861 -1682 -1511
-4216 -4241 -4250 -4246 -4232 -4192 -4150 -4117 -4084 -4039 -3993 -3936 -3888 -3996 -3976 -3953 -3932 -3911 -3895 -3881 -3869 -3860 -3854 -3857 -3861 -3848 -3839 -3832 -3787 -3776 -3768 -3749 -3741 -3736 -3711 -3688 -3672 -3662 -3650 -3643 -3638 -3654 -3667 -3674 -3676 -3669 -3655 -3640 -3624 -3603 -3585 -3563 -3542 -3536 -3526 -3508 -3478 -3449 -3414 -3378 -3336 -3314 -3248 -3205 -3175 -3145 -3123 -3105 -3086 -3085 -3089 -3086 -3064 -3012 -2934 -2818 -2681 -2543 -2408 -2279 -2171 -2116 -2071 -1849 -1629 -1414 -1246
-4226 -4239 -4236 -4220 -4195 -4167 -4134 -4100 -4058 -4002 -3940 -3887 -3870 -3928 -3975 -3965 -3946 -3927 -3910 -3895 -3883 -3874 -3868 -3871 -3876 -3869 -3846 -3817 -3781 -3773 -3769 -3752 -3745 -3738 -3728 -3714 -3703 -3700 -3695 -3688 -3681 -3675 -3677 -3676 -3671 -3655 -3650 -3630 -3605 -3588 -3582 -3561 -3530 -3525 -3514 -3492 -3457 -3432 -3400 -3371 -3340 -3330 -3291 -3224 -3180 -3141 -3132 -3136 -3127 -3105 -3094 -3091 -3081 -3050 -2989 -2886 -2739 -2580 -2425 -2280 -2144 -2027 -1823 -1513 -1346 -1128 -884
-4239 -4244 -4227 -4202 -4162 -4150 -4123 -4084 -4030 -3968 -3907 -3878 -3861 -3872 -3870 -3924 -3957 -3941 -3923 -3909 -3896 -3885 -3877 -3874 -3873 -3866 -3845 -3812 -3776 -3777 -3775 -3757 -3749 -3743 -3740 -3734 -3726 -3721 -3719 -3705 -3695 -3684 -3684 -3677 -3662 -3643 -3634 -3615 -3597 -3583 -3573 -3551 -3529 -3521 -3507 -3486 -3460 -3433 -3405 -3374 -3341 -3321 -3273 -3227 -3191 -3134 -3124 -3190 -3191 -3115 -3096 -3099 -3104 -3104 -3075 -2978 -2803 -2618 -2422 -2273 -2095 -1931 -1554 -1168 -876 -684 -661
-4269 -4265 -4246 -4211 -4177 -4158 -4130 -4071 -4000 -3943 -3907 -3892 -3891 -3877 -3872 -3892 -3919 -3948 -3935 -3920 -3906 -3894 -3883 -3876 -3870 -3858 -3834 -3814 -3780 -3799 -3795 -3774 -3753 -3746 -3752 -3750 -3739 -3728 -3721 -3711 -3708 -3695 -3681 -3667 -3647 -3632 -3618 -3605 -3591 -3578 -3565 -3549 -3530 -3520 -3505 -3487 -3464 -3438 -3410 -3378 -3343 -3308 -3251 -3227 -3195 -3168 -3172 -3234 -3241 -3141 -3107 -3141 -3174 -3161 -3147 -3078 -2864 -2643 -2422 -2273 -2051 -1811 -1231 -970 -923 -688 -688
-4299 -4286 -4266 -4218 -4181 -4156 -4136 -4052 -3968 -3918 -3896 -3878 -3901 -3881 -3892 -3880 -3873 -3918 -3935 -3929 -3915 -3901 -3889 -3878 -3868 -3855 -3832 -3805 -3782 -3798 -3799 -3795 -3771 -3760 -3759 -3756 -3748 -3737 -3726 -3713 -3705 -3684 -3670 -3653 -3632 -3617 -3603 -3594 -3585 -3572 -3560 -3550 -3532 -3519 -3508 -3489 -3470 -3446 -3420 -3385 -3344 -3305 -3256 -3225 -3193 -3186 -3195 -3229 -3231 -3205 -3180 -3178 -3176 -3149 -3093 -2977 -2804 -2618 -2432 -2236 -2021 -1792 -1271 -1113 -981 -1014 -1004
-4310 -4284 -4246 -4195 -4149 -4114 -4076 -4015 -3947 -3888 -3838 -3798 -3788 -3825 -3871 -3887 -3894 -3913 -3929 -3929 -3921 -3907 -3893 -3880 -3866 -3853 -3837 -3798 -3798 -3803 -3804 -3793 -3785 -3780 -3772 -3764 -3754 -3744 -3731 -3714 -3690 -3667 -3665 -3642 -3615 -3599 -3589 -3586 -3581 -3565 -3557 -3551 -3537 -3518 -3512 -3488 -3479 -3450 -3433 -3400 -3346 -3306 -3277 -3223 -3189 -3186 -3200 -3238 -3245 -3232 -3219 -3210 -3194 -3122 -3012 -2880 -2743 -2603 -2436 -2243 -1986 -1602 -1346 -1308 -1314 -1372 -1430
-4300 -4258 -4209 -4154 -4099 -4062 -4017 -3978 -3930 -3873 -3802 -3742 -3684 -3780 -3865 -3898 -3913 -3914 -3921 -3918 -3911 -3902 -3892 -3874 -3859 -3835 -3812 -3798 -3798 -3801 -3800 -3792 -3786 -3782 -3774 -3764 -3754 -3742 -3731 -3710 -3690 -3676 -3662 -3622 -3603 -3584 -3577 -3577 -3573 -3556 -3551 -3541 -3525 -3514 -3504 -3487 -3474 -3450 -3428 -3395 -3353 -3315 -3282 -3234 -3193 -3187 -3209 -3261 -3275 -3254 -3241 -3224 -3205 -3093 -2953 -2810 -2699 -2601 -2418 -2271 -2016 -1594 -1361 -1486 -1663 -1711 -1788
-4256 -4212 -4160 -4116 -4075 -4033 -3991 -3958 -3925 -3889 -3844 -3798 -3777 -3815 -3867 -3893 -3900 -3899 -3898 -3895 -3890 -3882 -3869 -3850 -3830 -3811 -3797 -3795 -3798 -3802 -3798 -3791 -3784 -3777 -3767 -3757 -3744 -3729 -3714 -3695 -3678 -3671 -3648 -3620 -3599 -3584 -3576 -3572 -3562 -3550 -3539 -3527 -3513 -3502 -3494 -3482 -3467 -3447 -3424 -3396 -3359 -3323 -3291 -3257 -3233 -3227 -3237 -3257 -3266 -3264 -3250 -3231 -3190 -3071 -2919 -2784 -2678 -2566 -2429 -2293 -2123 -1905 -1762 -1779 -1825 -1894 -1931
-4212 -4165 -4110 -4085 -4062 -4019 -3980 -3953 -3933 -3922 -3916 -3889 -3891 -3879 -3889 -3888 -3879 -3878 -3873 -3870 -3865 -3856 -3841 -3823 -3802 -3793 -3788 -3793 -3799 -3804 -3798 -3790 -3781 -3772 -3761 -3748 -3733 -3715 -3695 -3677 -3668 -3654 -3630 -3612 -3597 -3584 -3574 -3565 -3554 -3541 -3528 -3513 -3495 -3493 -3489 -3480 -3465 -3447 -3425 -3399 -3371 -3327 -3299 -3273 -3258 -3248 -3247 -3251 -3265 -3269 -3261 -3233 -3191 -3039 -2907 -2773 -2648 -2529 -2428 -2327 -2223 -2135 -2039 -1990 -2005 -2025 -2062
-4182 -4139 -4094 -4064 -4038 -4008 -3980 -3962 -3953 -3950 -3947 -3937 -3929 -3913 -3901 -3890 -3880 -3870 -3859 -3850 -3841 -3832 -3821 -3808 -3796 -3792 -3793 -3798 -3802 -3802 -3798 -3789 -3779 -3768 -3756 -3742 -3724 -3702 -3675 -3652 -3637 -3621 -3612 -3603 -3591 -3580 -3570 -3561 -3548 -3532 -3520 -3505 -3489 -3489 -3489 -3481 -3466 -3448 -3427 -3405 -3381 -3361 -3301 -3281 -3275 -3266 -3248 -3247 -3263 -3288 -3278 -3243 -3192 -3007 -2894 -2768 -2619 -2506 -2441 -2383 -2279 -2364 -2315 -2221 -2168 -2181 -2197
-4168 -4127 -4087 -4053 -4024 -4000 -3982 -3974 -3974 -3969 -3962 -3954 -3937 -3923 -3907 -3896 -3887 -3871 -3853 -3837 -3822 -3815 -3809 -3803 -3800 -3801 -3804 -3806 -3806 -3801 -3798 -3788 -3777 -3765 -3752 -3738 -3722 -3700 -3661 -3622 -3607 -3598 -3598 -3598 -3585 -3579 -3567 -3561 -3545 -3525 -3518 -3505 -3482 -3490 -3493 -3485 -3469 -3452 -3431 -3413 -3387 -3370 -3295 -3283 -3285 -3289 -3262 -3249 -3272 -3312 -3293 -3243 -3175 -2992 -2898 -2760 -2608 -2528 -2513 -2501 -2461 -2443 -2400 -2386 -2378 -2349 -2325
-4156 -4122 -4086 -4052 -4022 -3999 -3985 -3982 -3983 -3981 -3974 -3962 -3945 -3929 -3913 -3900 -3889 -3874 -3856 -3833 -3814 -3807 -3805 -3806 -3808 -3812 -3816 -3815 -3811 -3806 -3798 -3787 -3775 -3763 -3751 -3737 -3724 -3716 -3699 -3639 -3609 -3593 -3595 -3594 -3587 -3581 -3571 -3564 -3551 -3532 -3523 -3512 -3493 -3499 -3502 -3495 -3474 -3460 -3434 -3419 -3391 -3365 -3293 -3287 -3293 -3295 -3289 -3283 -3291 -3295 -3280 -3225 -3138 -2999 -2875 -2753 -2644 -2564 -2528 -2509 -2484 -2477 -2458 -2445 -2441 -2436 -2428
-4148 -4121 -4091 -4060 -4029 -4006 -3989 -3988 -3990 -3989 -3983 -3970 -3953 -3935 -3916 -3900 -3886 -3871 -3858 -3831 -3810 -3807 -3809 -3813 -3816 -3821 -3824 -3820 -3814 -3808 -3800 -3786 -3774 -3761 -3749 -3736 -3724 -3718 -3707 -3687 -3632 -3602 -3598 -3596 -3593 -3588 -3581 -3573 -3562 -3549 -3536 -3525 -3507 -3509 -3507 -3501 -3484 -3464 -3442 -3422 -3397 -3360 -3298 -3295 -3310 -3314 -3311 -3307 -3302 -3297 -3276 -3218 -3125 -3003 -2845 -2747 -2665 -2594 -2517 -2495 -2489 -2488 -2487 -2489 -2495 -2503 -2513
-4141 -4124 -4099 -4073 -4046 -4021 -4003 -3996 -3995 -3994 -3988 -3980 -3964 -3944 -3920 -3898 -3877 -3856 -3838 -3823 -3814 -3814 -3817 -3819 -3821 -3821 -3820 -3819 -3815 -3807 -3799 -3785 -3771 -3759 -3747 -3735 -3724 -3714 -3702 -3691 -3645 -3605 -3601 -3601 -3600 -3598 -3593 -3585 -3576 -3567 -3555 -3542 -3534 -3527 -3521 -3512 -3494 -3472 -3449 -3427 -3405 -3377 -3345 -3338 -3342 -3342 -3336 -3331 -3325 -3316 -3294 -3243 -3142 -3004 -2833 -2741 -2674 -2618 -2537 -2498 -2497 -2501 -2508 -2529 -2552 -2575 -2594
-4139 -4128 -4107 -4086 -4062 -4035 -4015 -4004 -4000 -4000 -3992 -3990 -3973 -3950 -3921 -3895 -3868 -3839 -3815 -3811 -3815 -3815 -3818 -3812 -3811 -3808 -3805 -3813 -3813 -3807 -3797 -3782 -3769 -3756 -3744 -3732 -3720 -3707 -3693 -3673 -3643 -3609 -3606 -3608 -3608 -3608 -3607 -3600 -3590 -3585 -3578 -3561 -3547 -3545 -3541 -3532 -3507 -3478 -3457 -3432 -3422 -3404 -3375 -3369 -3390 -3377 -3357 -3350 -3350 -3348 -3337 -3298 -3186 -3026 -2882 -2759 -2707 -2638 -2589 -2546 -2515 -2506 -2519 -2570 -2617 -2646 -2675
-4136 -4128 -4112 -4089 -4065 -4043 -4024 -4009 -4002 -4004 -4007 -3994 -3974 -3948 -3921 -3893 -3862 -3830 -3806 -3801 -3804 -3802 -3795 -3783 -3776 -3775 -3785 -3795 -3806 -3807 -3796 -3779 -3765 -3752 -3740 -3728 -3715 -3701 -3684 -3663 -3637 -3616 -3612 -3612 -3613 -3617 -3622 -3616 -3598 -3593 -3591 -3584 -3564 -3565 -3555 -3550 -3521 -3491 -3465 -3450 -3437 -3433 -3428 -3442 -3445 -3415 -3392 -3374 -3371 -3370 -3353 -3319 -3213 -3053 -2902 -2848 -2765 -2701 -2630 -2606 -2559 -2533 -2568 -2656 -2684 -2728 -2765
-4124 -4110 -4100 -4074 -4055 -4040 -4028 -4007 -3988 -3980 -3986 -3952 -3939 -3921 -3909 -3891 -3864 -3831 -3801 -3794 -3794 -3784 -3767 -3743 -3723 -3704 -3726 -3743 -3787 -3808 -3789 -3773 -3760 -3747 -3736 -3723 -3711 -3696 -3679 -3659 -3636 -3607 -3607 -3612 -3615 -3618 -3619 -3615 -3603 -3594 -3592 -3587 -3572 -3568 -3560 -3548 -3528 -3503 -3483 -3469 -3459 -3455 -3456 -3465 -3468 -3438 -3415 -3398 -3384 -3374 -3352 -3306 -3219 -3085 -2929 -2881 -2822 -2782 -2761 -2776 -2763 -2722 -2734 -2755 -2788 -2816 -2837
-4078 -4063 -4048 -4038 -4033 -4029 -4019 -3997 -3960 -3905 -3857 -3834 -3839 -3855 -3877 -3883 -3874 -3844 -3811 -3795 -3785 -3771 -3747 -3711 -3656 -3596 -3576 -3644 -3739 -3793 -3777 -3764 -3753 -3742 -3732 -3726 -3708 -3694 -3677 -3658 -3636 -3612 -3609 -3613 -3616 -3618 -3618 -3614 -3606 -3599 -3595 -3594 -3593 -3575 -3560 -3544 -3528 -3513 -3499 -3485 -3475 -3471 -3472 -3483 -3490 -3455 -3431 -3415 -3402 -3388 -3368 -3324 -3237 -3107 -2966 -2907 -2866 -2845 -2838 -2841 -2846 -2851 -2856 -2874 -2892 -2908 -2921
-4034 -4013 -3994 -4005 -4014 -4019 -4006 -3976 -3924 -3812 -3709 -3692 -3714 -3760 -3826 -3860 -3884 -3859 -3825 -3805 -3787 -3776 -3752 -3720 -3643 -3540 -3445 -3570 -3704 -3768 -3761 -3753 -3745 -3737 -3728 -3723 -3705 -3694 -3678 -3659 -3639 -3615 -3612 -3616 -3619 -3619 -3618 -3615 -3608 -3601 -3599 -3597 -3597 -3584 -3558 -3540 -3528 -3521 -3511 -3498 -3485 -3478 -3478 -3490 -3502 -3460 -3440 -3431 -3418 -3407 -3399 -3373 -3290 -3131 -2991 -2944 -2900 -2881 -2884 -2943 -2969 -2961 -2972 -2981 -2992 -3004 -3021
-4012 -3991 -3983 -3999 -4017 -4021 -3997 -3941 -3853 -3746 -3646 -3597 -3597 -3659 -3741 -3814 -3858 -3870 -3856 -3828 -3807 -3807 -3808 -3785 -3721 -3618 -3552 -3600 -3686 -3737 -3745 -3743 -3739 -3733 -3726 -3722 -3707 -3695 -3680 -3663 -3644 -3622 -3619 -3621 -3623 -3623 -3622 -3619 -3614 -3607 -3606 -3602 -3598 -3588 -3557 -3539 -3530 -3526 -3519 -3514 -3500 -3487 -3486 -3503 -3509 -3465 -3447 -3442 -3433 -3419 -3423 -3459 -3400 -3146 -3003 -2973 -2946 -2904 -2942 -2983 -3004 -3040 -3066 -3068 -3067 -3090 -3107
-4015 -4000 -3992 -4014 -4031 -4025 -3992 -3919 -3816 -3740 -3649 -3588 -3544 -3622 -3701 -3799 -3852 -3889 -3889 -3854 -3827 -3846 -3873 -3861 -3836 -3741 -3684 -3678 -3710 -3732 -3735 -3735 -3733 -3731 -3726 -3723 -3709 -3698 -3685 -3669 -3651 -3629 -3626 -3628 -3630 -3630 -3628 -3625 -3621 -3616 -3613 -3611 -3610 -3586 -3561 -3545 -3536 -3531 -3526 -3521 -3515 -3511 -3512 -3519 -3522 -3503 -3480 -3467 -3459 -3453 -3457 -3459 -3403 -3219 -3060 -3032 -3020 -3019 -3038 -3060 -3091 -3117 -3116 -3116 -3120 -3122 -3118
-4055 -4035 -4032 -4037 -4038 -4019 -3982 -3927 -3866 -3808 -3751 -3693 -3667 -3703 -3775 -3856 -3912 -3921 -3902 -3878 -3867 -3880 -3895 -3889 -3863 -3817 -3777 -3751 -3738 -3729 -3727 -3730 -3731 -3731 -3728 -3725 -3714 -3704 -3693 -3678 -3661 -3637 -3634 -3638 -3639 -3638 -3636 -3632 -3628 -3624 -3621 -3617 -3611 -3585 -3559 -3545 -3538 -3535 -3532 -3529 -3527 -3526 -3529 -3534 -3535 -3522 -3505 -3494 -3486 -3477 -3465 -3450 -3391 -3282 -3185 -3113 -3097 -3098 -3115 -3166 -3204 -3192 -3175 -3168 -3162 -3155 -3145
-4079 -4053 -4053 -4033 -4025 -3992 -3963 -3932 -3917 -3878 -3867 -3816 -3814 -3823 -3877 -3930 -3983 -3950 -3909 -3897 -3897 -3902 -3905 -3890 -3864 -3850 -3832 -3803 -3770 -3720 -3714 -3726 -3732 -3733 -3732 -3730 -3720 -3713 -3703 -3691 -3677 -3651 -3647 -3651 -3651 -3648 -3645 -3640 -3636 -3631 -3627 -3623 -3619 -3570 -3549 -3542 -3538 -3538 -3537 -3536 -3536 -3540 -3545 -3550 -3558 -3537 -3523 -3516 -3511 -3503 -3490 -3465 -3409 -3322 -3243 -3176 -3149 -3148 -3172 -3218 -3248 -3239 -3226 -3218 -3207 -3196 -3179
-4050 -4020 -4001 -3980 -3958 -3938 -3919 -3905 -3894 -3880 -3873 -3874 -3886 -3903 -3930 -3957 -3971 -3954 -3929 -3918 -3915 -3912 -3905 -3890 -3874 -3865 -3853 -3830 -3790 -3733 -3702 -3731 -3739 -3740 -3739 -3737 -3729 -3723 -3714 -3706 -3696 -3691 -3679 -3669 -3665 -3659 -3654 -3648 -3642 -3637 -3631 -3626 -3618 -3560 -3545 -3540 -3536 -3545 -3542 -3539 -3542 -3552 -3552 -3557 -3571 -3537 -3534 -3526 -3528 -3535 -3527 -3505 -3438 -3370 -3278 -3214 -3168 -3168 -3220 -3266 -3270 -3274 -3268 -3251 -3248 -3242 -3220
-4001 -3971 -3937 -3918 -3891 -3886 -3876 -3873 -3862 -3866 -3861 -3904 -3931 -3948 -3952 -3958 -3954 -3956 -3947 -3939 -3930 -3920 -3908 -3895 -3883 -3876 -3863 -3847 -3824 -3807 -3755 -3755 -3754 -3752 -3749 -3747 -3740 -3735 -3729 -3722 -3715 -3702 -3694 -3687 -3679 -3671 -3663 -3656 -3649 -3642 -3635 -3627 -3617 -3578 -3563 -3554 -3550 -3549 -3548 -3546 -3548 -3553 -3554 -3555 -3556 -3539 -3538 -3538 -3547 -3551 -3539 -3516 -3467 -3402 -3289 -3263 -3236 -3239 -3272 -3294 -3303 -3301 -3288 -3274 -3249 -3253 -3243
-3982 -3944 -3912 -3891 -3874 -3866 -3862 -3863 -3871 -3891 -3920 -3958 -3982 -3976 -3962 -3961 -3969 -3978 -3977 -3964 -3947 -3933 -3921 -3911 -3901 -3894 -3883 -3866 -3847 -3831 -3803 -3783 -3774 -3767 -3762 -3759 -3752 -3747 -3743 -3739 -3736 -3734 -3719 -3705 -3693 -3681 -3671 -3662 -3654 -3647 -3639 -3629 -3617 -3596 -3581 -3568 -3561 -3555 -3552 -3549 -3549 -3551 -3553 -3554 -3551 -3544 -3543 -3544 -3548 -3547 -3538 -3515 -3476 -3417 -3339 -3310 -3296 -3295 -3305 -3315 -3319 -3319 -3315 -3308 -3286 -3270 -3257
-3970 -3935 -3909 -3891 -3880 -3868 -3865 -3872 -3896 -3934 -3986 -4017 -4034 -3991 -3956 -3968 -4000 -4015 -4016 -3992 -3965 -3955 -3947 -3938 -3924 -3915 -3905 -3886 -3860 -3828 -3814 -3802 -3790 -3781 -3774 -3771 -3764 -3759 -3756 -3754 -3754 -3756 -3744 -3721 -3704 -3690 -3678 -3668 -3659 -3651 -3642 -3633 -3619 -3605 -3592 -3577 -3571 -3563 -3555 -3549 -3548 -3548 -3553 -3554 -3551 -3544 -3544 -3547 -3550 -3549 -3541 -3524 -3495 -3448 -3390 -3363 -3346 -3339 -3342 -3344 -3346 -3343 -3340 -3340 -3327 -3290 -3266
-3957 -3935 -3917 -3904 -3892 -3878 -3874 -3889 -3923 -3970 -4020 -4053 -4049 -3996 -3954 -3983 -4035 -4058 -4050 -4022 -3996 -3990 -3988 -3975 -3954 -3932 -3916 -3905 -3879 -3832 -3823 -3814 -3803 -3795 -3787 -3782 -3775 -3771 -3768 -3767 -3768 -3767 -3757 -3733 -3713 -3697 -3683 -3672 -3662 -3654 -3647 -3640 -3632 -3615 -3602 -3589 -3582 -3570 -3560 -3549 -3543 -3542 -3554 -3562 -3550 -3543 -3542 -3550 -3559 -3557 -3550 -3542 -3523 -3492 -3421 -3395 -3388 -3379 -3376 -3376 -3375 -3369 -3360 -3349 -3335 -3309 -3265
-3953 -3942 -3929 -3917 -3908 -3890 -3888 -3917 -3961 -4013 -4052 -4086 -4082 -4019 -3956 -4020 -4090 -4104 -4088 -4055 -4024 -4027 -4033 -4007 -3976 -3941 -3917 -3923 -3918 -3845 -3834 -3826 -3817 -3807 -3799 -3793 -3784 -3780 -3776 -3776 -3777 -3785 -3766 -3738 -3716 -3698 -3684 -3673 -3663 -3655 -3649 -3645 -3643 -3628 -3611 -3598 -3587 -3578 -3567 -3557 -3550 -3551 -3559 -3564 -3549 -3543 -3545 -3564 -3572 -3571 -3560 -3560 -3557 -3540 -3501 -3459 -3438 -3410 -3406 -3408 -3409 -3401 -3382 -3374 -3376 -3327 -3241
-3964 -3954 -3941 -3924 -3908 -3900 -3914 -3963 -4026 -4080 -4116 -4131 -4119 -4086 -4067 -4095 -4133 -4142 -4125 -4095 -4070 -4059 -4048 -4017 -3977 -3942 -3925 -3929 -3919 -3867 -3850 -3839 -3829 -3819 -3809 -3803 -3793 -3787 -3781 -3779 -3779 -3786 -3768 -3737 -3715 -3697 -3683 -3671 -3661 -3653 -3648 -3646 -3646 -3634 -3617 -3603 -3592 -3582 -3573 -3566 -3561 -3560 -3561 -3560 -3555 -3554 -3561 -3572 -3576 -3576 -3571 -3565 -3561 -3546 -3523 -3481 -3469 -3454 -3442 -3439 -3441 -3438 -3400 -3391 -3499 -3395 -3229
-3978 -3962 -3948 -3926 -3913 -3918 -3949 -4030 -4112 -4164 -4190 -4186 -4172 -4163 -4170 -4170 -4181 -4176 -4160 -4133 -4105 -4082 -4056 -4010 -3965 -3934 -3920 -3933 -3936 -3877 -3866 -3853 -3841 -3830 -3820 -3811 -3801 -3793 -3785 -3779 -3775 -3770 -3754 -3726 -3708 -3691 -3678 -3666 -3656 -3649 -3645 -3644 -3643 -3636 -3620 -3605 -3594 -3585 -3578 -3573 -3569 -3566 -3564 -3561 -3558 -3562 -3576 -3585 -3587 -3585 -3580 -3572 -3563 -3549 -3530 -3511 -3496 -3486 -3478 -3471 -3463 -3451 -3423 -3403 -3568 -3435 -3295
-3973 -3956 -3939 -3927 -3930 -3960 -4022 -4117 -4206 -4248 -4255 -4239 -4221 -4214 -4216 -4212 -4207 -4200 -4186 -4163 -4131 -4092 -4047 -3994 -3949 -3927 -3923 -3929 -3921 -3887 -3877 -3865 -3852 -3840 -3829 -3820 -3808 -3799 -3789 -3778 -3766 -3751 -3721 -3710 -3696 -3682 -3668 -3657 -3647 -3640 -3635 -3638 -3642 -3636 -3619 -3604 -3593 -3586 -3582 -3579 -3576 -3574 -3571 -3568 -3562 -3576 -3596 -3604 -3603 -3598 -3590 -3580 -3568 -3557 -3539 -3527 -3516 -3512 -3509 -3505 -3503 -3493 -3449 -3422 -3610 -3378 -3283
-3965 -3947 -3933 -3939 -3964 -4023 -4103 -4212 -4307 -4326 -4311 -4280 -4253 -4237 -4233 -4226 -4219 -4217 -4207 -4187 -4150 -4096 -4037 -3977 -3933 -3925 -3928 -3931 -3924 -3909 -3894 -3874 -3860 -3849 -3839 -3829 -3819 -3807 -3793 -3777 -3758 -3729 -3702 -3695 -3684 -3669 -3655 -3642 -3631 -3622 -3614 -3619 -3639 -3634 -3614 -3599 -3590 -3585 -3584 -3583 -3582 -3582 -3581 -3581 -3583 -3607 -3622 -3632 -3617 -3614 -3600 -3590 -3573 -3569 -3550 -3540 -3533 -3543 -3545 -3536 -3536 -3534 -3530 -3481 -3360 -3189 -3176
-3960 -3947 -3946 -3971 -4027 -4106 -4202 -4299 -4369 -4382 -4355 -4309 -4265 -4241 -4229 -4228 -4227 -4226 -4221 -4203 -4164 -4100 -4028 -3973 -3940 -3935 -3942 -3941 -3931 -3910 -3891 -3876 -3866 -3856 -3847 -3838 -3829 -3816 -3800 -3781 -3756 -3722 -3693 -3684 -3673 -3657 -3639 -3622 -3608 -3593 -3577 -3573 -3619 -3621 -3601 -3589 -3583 -3583 -3584 -3586 -3588 -3591 -3592 -3593 -3602 -3628 -3635 -3644 -3638 -3624 -3616 -3602 -3591 -3584 -3581 -3574 -3575 -3573 -3571 -3561 -3551 -3550 -3568 -3639 -3269 -3147 -3147
