topo983by450.txt
ncols        983
nrows        450
xllcorner    -123.941666666667
yllcorner    32.991666666667
cellsize     0.016666666667
[rows 76 to 113 of 450, columns 870 to 956 of 983]
1908 1897 1931 1871 1848 1832 1755 1642 1622 1580 1528 1509 1496 1465 1477 1478 1486 1496 1476 1452 1440 1428 1429 1457 1487 1519 1503 1558 1527 1500 1440 1441 1437 1447 1404 1403 1403 1395 1387 1393 1393 1413 1416 1418 1429 1448 1461 1471 1495 1497 1511 1531 1561 1594 1648 1703 1880 2051 1985 1961 1915 1841 1786 1826 1877 1811 1769 1716 1699 1673 1643 1639 1742 1735 1738 1838 1763 1679 1714 1796 1819 1822 1855 1838 1774 1842 1884
1817 1805 1855 1780 1777 1763 1716 1649 1566 1534 1496 1482 1479 1450 1451 1451 1467 1478 1469 1449 1426 1422 1426 1459 1497 1489 1445 1466 1561 1628 1400 1371 1485 1551 1483 1425 1396 1384 1379 1382 1403 1408 1399 1408 1414 1424 1436 1452 1464 1477 1489 1509 1534 1566 1603 1640 1699 1879 2008 1984 1965 1975 1930 1760 1877 1806 1773 1743 1731 1635 1535 1632 1642 1635 1645 1681 1656 1658 1668 1751 1684 1852 1810 1745 1888 1986 1944
1801 1766 1802 1712 1693 1636 1658 1593 1545 1515 1488 1464 1454 1430 1429 1436 1445 1480 1482 1481 1433 1419 1471 1516 1532 1428 1437 1478 1559 1500 1433 1426 1392 1413 1449 1512 1422 1388 1369 1369 1377 1386 1387 1398 1404 1411 1418 1428 1442 1452 1474 1494 1521 1540 1562 1589 1627 1685 1964 2045 2005 1942 1895 1818 1718 1878 1840 1769 1649 1571 1599 1655 1677 1751 1833 1788 1673 1642 1644 1649 1659 1697 1724 1798 1906 2036 2012
1685 1689 1716 1631 1585 1572 1576 1548 1506 1479 1477 1470 1444 1415 1409 1413 1423 1455 1481 1494 1408 1475 1554 1562 1442 1444 1484 1453 1470 1442 1580 1623 1574 1575 1416 1428 1409 1385 1367 1362 1366 1371 1378 1386 1395 1401 1408 1416 1426 1439 1449 1479 1496 1508 1523 1553 1589 1625 1804 1955 1969 1991 1949 1865 1773 1603 1605 1668 1528 1796 1803 1811 1884 1939 1981 1889 1779 1737 1718 1737 1778 1769 1863 1946 1967 2020 2099
1661 1597 1601 1606 1563 1517 1492 1486 1470 1456 1454 1468 1444 1413 1395 1392 1403 1427 1466 1476 1384 1428 1571 1439 1390 1446 1426 1484 1482 1490 1511 1638 1716 1642 1605 1572 1529 1463 1469 1410 1395 1378 1373 1380 1386 1392 1397 1403 1413 1419 1435 1453 1466 1486 1510 1529 1548 1572 1598 1768 1868 1875 1943 1978 1791 1755 1594 1493 1622 1918 1994 1999 2094 2160 2168 2039 1878 1813 1802 1887 1971 1957 1986 2045 2126 2140 2199
1694 1613 1539 1521 1501 1487 1470 1460 1450 1439 1433 1438 1422 1405 1392 1377 1382 1408 1435 1506 1399 1399 1408 1452 1414 1399 1486 1562 1628 1653 1635 1599 1668 1722 1750 1675 1746 1587 1563 1522 1470 1424 1391 1375 1377 1383 1387 1390 1395 1407 1423 1434 1442 1459 1483 1511 1518 1527 1522 1535 1572 1798 1843 1763 1709 1845 1633 1508 1641 1926 2082 2053 2125 2307 2257 2114 1970 1904 1930 2134 2213 2227 2224 2182 2242 2376 2341
1702 1592 1537 1522 1509 1487 1470 1464 1438 1422 1413 1406 1402 1409 1408 1380 1367 1383 1417 1435 1358 1357 1353 1387 1422 1503 1512 1538 1629 1702 1751 1766 1682 1677 1743 1838 1853 1717 1746 1720 1620 1631 1526 1427 1400 1387 1381 1384 1388 1396 1406 1419 1435 1451 1461 1476 1486 1488 1489 1491 1488 1535 1547 1489 1497 1546 1498 1535 1751 1875 2033 2184 2287 2319 2258 2177 2060 2016 2079 2276 2433 2480 2488 2419 2452 2635 2589
1639 1567 1509 1506 1531 1518 1493 1458 1428 1411 1404 1396 1393 1400 1389 1378 1365 1376 1404 1443 1342 1331 1379 1447 1490 1563 1617 1559 1613 1627 1673 1772 1817 1801 1787 1943 2019 1971 1975 1896 1719 1841 1720 1593 1503 1436 1412 1391 1385 1388 1396 1405 1424 1437 1448 1446 1444 1452 1456 1458 1451 1444 1436 1436 1445 1462 1481 1673 2029 2085 2155 2318 2552 2596 2448 2370 2209 2135 2187 2309 2577 2744 2794 2851 2768 2910 2973
1544 1489 1461 1466 1473 1465 1448 1430 1421 1407 1401 1389 1378 1387 1417 1415 1406 1407 1344 1345 1333 1371 1429 1492 1571 1600 1663 1672 1705 1645 1746 1809 1860 1870 1869 2001 1987 2008 2066 2015 1869 1917 1941 1708 1706 1538 1444 1430 1421 1399 1389 1395 1413 1418 1420 1422 1425 1431 1432 1433 1428 1429 1444 1468 1506 1603 1582 1622 2010 2234 2368 2447 2710 3015 2848 2521 2391 2320 2338 2424 2614 2928 2980 3003 2968 3011 3094
1467 1455 1442 1431 1459 1443 1430 1417 1406 1400 1406 1389 1378 1374 1405 1393 1413 1395 1388 1317 1344 1385 1439 1474 1543 1584 1663 1729 1795 1790 1772 1850 1895 1904 1914 1939 1967 2020 2098 2125 2101 2064 1990 1827 1835 1780 1541 1455 1468 1444 1422 1395 1401 1405 1406 1409 1412 1415 1417 1419 1428 1453 1475 1513 1568 1634 1706 1674 1878 2213 2510 2755 2929 3043 3032 2870 2631 2581 2682 2750 2831 2991 3057 3081 3078 3122 3215
1429 1422 1410 1414 1473 1454 1422 1404 1392 1387 1388 1382 1379 1367 1363 1377 1418 1446 1416 1455 1461 1442 1488 1541 1582 1674 1701 1757 1830 1868 1871 1883 1889 1938 1936 1941 1990 2020 2044 2080 2066 2042 1994 1967 1926 1827 1733 1530 1488 1474 1454 1421 1404 1411 1414 1413 1416 1429 1438 1452 1471 1490 1493 1497 1534 1543 1617 1797 1982 2281 2619 2918 3027 3044 3055 3071 3022 2973 3051 3077 3019 3056 3164 3241 3273 3299 3294
1407 1401 1389 1398 1428 1441 1401 1380 1372 1372 1395 1408 1396 1370 1348 1385 1431 1438 1458 1494 1659 1642 1598 1645 1637 1694 1775 1829 1861 1824 1893 1917 1926 1952 1994 1978 2028 2024 2025 2058 2065 2074 2031 2007 1907 1930 1860 1748 1552 1556 1543 1488 1432 1429 1422 1442 1443 1453 1466 1494 1517 1532 1533 1527 1534 1554 1607 1746 1874 2071 2377 2525 2760 3030 3048 3078 3114 3126 3153 3175 3175 3205 3243 3269 3300 3253 3120
1406 1390 1375 1377 1379 1393 1388 1368 1352 1362 1393 1351 1337 1341 1343 1394 1454 1423 1401 1544 1579 1657 1700 1714 1755 1774 1811 1827 1862 1842 1932 1968 1981 1990 2010 2018 2016 2045 2053 2066 2077 2098 2091 2103 2094 2056 1949 1770 1727 1670 1677 1603 1538 1460 1451 1468 1480 1482 1497 1514 1513 1531 1551 1522 1555 1588 1633 1719 1801 1952 2162 2434 2634 2896 3037 3058 3095 3113 3131 3162 3183 3206 3246 3264 3230 3129 3025
1413 1390 1374 1360 1359 1370 1367 1359 1345 1346 1349 1319 1332 1354 1338 1402 1440 1456 1475 1550 1649 1707 1851 1908 1915 1816 1861 1916 1932 1910 1896 1984 2019 2017 2012 2012 2026 2063 2095 2093 2090 2097 2107 2131 2115 2032 2004 1992 1915 1804 1786 1684 1611 1549 1500 1467 1439 1459 1438 1444 1457 1480 1489 1506 1536 1567 1621 1687 1794 1929 2037 2165 2472 2719 2775 2909 2959 2965 3045 3087 3109 3195 3201 3102 3077 3052 2977
1400 1398 1381 1363 1348 1344 1348 1347 1332 1334 1310 1296 1297 1330 1389 1394 1381 1508 1629 1696 1684 1782 1883 1914 1912 1947 1941 1960 1991 2001 1965 1967 2012 2001 2044 2083 2084 2058 2073 2107 2127 2132 2134 2164 2109 2091 2102 2069 1992 1865 1785 1692 1623 1606 1596 1550 1497 1452 1429 1424 1442 1455 1474 1517 1636 1664 1675 1741 1802 1841 1914 2058 2249 2336 2410 2530 2552 2595 2760 3028 3156 3153 3054 2927 2927 2845 2777
1382 1381 1383 1365 1348 1335 1326 1335 1341 1318 1317 1272 1291 1329 1385 1441 1562 1556 1618 1758 1787 1842 1892 1942 2018 2022 2061 2082 2107 2091 2063 2026 2077 2049 2091 2123 2155 2137 2115 2137 2175 2186 2202 2231 2262 2199 2158 2119 2085 1974 1831 1825 1780 1727 1676 1604 1562 1545 1483 1456 1445 1463 1475 1511 1572 1651 1689 1709 1733 1761 1811 1863 1937 2031 2158 2303 2454 2623 2858 3076 3123 3027 2801 2632 2602 2555 2466
1382 1364 1359 1367 1354 1338 1329 1316 1325 1318 1306 1311 1277 1354 1415 1506 1579 1642 1667 1722 1813 1883 1891 1950 1989 2098 2137 2078 2118 2121 2097 2104 2104 2126 2105 2154 2210 2212 2213 2217 2241 2267 2299 2338 2326 2279 2207 2160 2147 2144 2060 1940 1865 1816 1740 1688 1661 1564 1515 1511 1490 1477 1488 1499 1546 1614 1639 1671 1701 1725 1790 1855 2062 2237 2375 2549 2672 2799 3011 3095 3029 2766 2588 2438 2328 2294 2176
1353 1349 1347 1342 1345 1340 1332 1313 1313 1325 1304 1317 1287 1311 1333 1374 1458 1528 1626 1717 1776 1825 1881 1995 2136 2241 2242 2152 2146 2163 2162 2194 2197 2207 2201 2183 2248 2264 2280 2316 2316 2427 2459 2492 2463 2391 2335 2302 2270 2204 2127 2006 1984 1918 1863 1803 1671 1654 1617 1474 1503 1495 1489 1507 1541 1571 1603 1639 1678 1757 1843 1951 2164 2447 2662 2742 2815 2944 3077 3053 2863 2676 2529 2418 2147 2069 1986
1341 1330 1335 1322 1322 1320 1320 1312 1299 1338 1347 1286 1293 1331 1338 1390 1476 1572 1660 1697 1788 1851 1940 2033 2131 2229 2292 2292 2236 2223 2263 2284 2335 2324 2340 2342 2290 2345 2329 2361 2397 2494 2599 2637 2597 2552 2500 2501 2493 2434 2313 2153 2075 2002 1934 1850 1708 1771 1642 1506 1595 1550 1522 1517 1548 1584 1624 1670 1713 1774 1849 1935 2149 2383 2678 2918 3001 3077 3073 2914 2790 2642 2374 2265 2177 2008 1871
1350 1336 1318 1306 1310 1298 1301 1302 1292 1326 1393 1321 1300 1327 1338 1386 1469 1570 1646 1707 1785 1900 2035 2218 2253 2341 2401 2413 2375 2388 2393 2445 2451 2479 2437 2408 2386 2447 2407 2446 2517 2593 2678 2663 2649 2633 2645 2603 2541 2469 2383 2321 2193 2050 1978 1934 1834 1840 1687 1498 1617 1616 1572 1536 1533 1574 1603 1636 1716 1829 1839 1847 2049 2301 2579 2902 3037 3019 2935 2790 2611 2417 2158 1948 1946 1922 1851
1368 1348 1331 1313 1306 1300 1287 1278 1291 1293 1307 1333 1395 1431 1414 1446 1485 1563 1608 1696 1842 2031 2128 2269 2366 2445 2486 2512 2521 2531 2526 2546 2576 2566 2571 2508 2468 2525 2499 2518 2606 2654 2669 2625 2659 2621 2599 2591 2550 2434 2398 2295 2175 2136 2086 1908 1936 1910 1843 1649 1482 1628 1651 1597 1546 1556 1579 1607 1709 1766 1779 1927 2129 2228 2320 2623 2735 2725 2707 2502 2321 2151 2069 1875 1788 1822 1767
1377 1367 1358 1387 1374 1346 1318 1288 1271 1272 1272 1350 1422 1500 1543 1575 1527 1587 1654 1733 1809 1882 1998 2174 2448 2513 2597 2630 2631 2629 2644 2676 2711 2689 2654 2615 2601 2626 2593 2628 2682 2726 2753 2703 2736 2720 2652 2606 2550 2533 2462 2380 2314 2200 1999 1902 1894 1927 1942 1836 1605 1530 1529 1602 1610 1567 1563 1605 1648 1730 1795 1906 2058 2012 2135 2298 2401 2403 2422 2267 2149 1971 1938 1855 1762 1712 1704
1431 1416 1448 1440 1410 1386 1373 1348 1316 1275 1301 1325 1371 1441 1529 1495 1482 1531 1617 1721 1847 1941 1967 1987 2110 2259 2456 2488 2539 2663 2726 2756 2775 2755 2728 2736 2708 2727 2732 2775 2815 2835 2833 2824 2796 2784 2727 2656 2609 2595 2459 2247 2135 2075 2001 1993 1968 1933 1956 1976 1828 1652 1505 1489 1557 1586 1577 1592 1646 1696 1753 1818 1879 1890 1990 2057 2131 2106 2074 2029 1903 1836 1758 1737 1738 1753 1678
1530 1554 1532 1485 1465 1437 1423 1419 1369 1299 1373 1369 1333 1380 1437 1515 1551 1554 1604 1697 1787 1880 1910 1956 2007 2106 2214 2371 2574 2694 2781 2752 2745 2764 2793 2803 2766 2829 2877 2894 2906 2851 2854 2796 2705 2765 2632 2511 2451 2391 2325 2157 2187 2134 2102 2187 2096 1971 1971 1956 1951 1779 1660 1530 1531 1554 1553 1568 1599 1646 1698 1744 1757 1796 1852 1930 1916 1876 1865 1820 1837 1758 1703 1668 1669 1671 1626
1610 1570 1515 1489 1450 1403 1373 1341 1302 1293 1326 1330 1343 1366 1389 1519 1526 1497 1538 1643 1734 1795 1904 2023 2136 2110 2203 2309 2490 2650 2736 2627 2766 2826 2834 2772 2762 2798 2841 2785 2827 2751 2808 2728 2649 2705 2582 2523 2406 2276 2234 2283 2283 2217 2170 2105 2031 2136 2091 1968 1865 1702 1676 1582 1675 1613 1491 1582 1596 1610 1629 1663 1679 1718 1722 1736 1743 1769 1755 1658 1675 1708 1645 1624 1611 1604 1588
1621 1585 1559 1547 1518 1478 1374 1348 1348 1336 1357 1389 1472 1430 1335 1383 1353 1393 1503 1612 1708 1841 1953 2049 2140 2225 2222 2361 2475 2560 2626 2442 2581 2376 2341 2237 2372 2560 2809 2737 2728 2786 2660 2661 2565 2574 2444 2313 2215 2408 2422 2355 2301 2241 2150 2122 2159 2206 2054 1905 1868 1844 1812 1750 1602 1743 1528 1495 1560 1615 1607 1629 1644 1652 1631 1619 1643 1649 1666 1599 1580 1587 1599 1580 1572 1576 1565
1598 1621 1629 1627 1609 1576 1401 1536 1512 1452 1454 1462 1440 1443 1433 1478 1421 1405 1438 1593 1812 1963 1826 1753 1819 1808 1854 2226 2415 2462 2389 2277 2244 1985 1970 1998 2080 2276 2480 2549 2610 2495 2235 2221 2165 2180 2195 2377 2444 2473 2454 2387 2325 2253 2176 2199 2189 2089 1950 2032 2079 1990 1881 1799 1696 1722 1598 1505 1517 1672 1639 1606 1600 1602 1593 1578 1608 1571 1589 1555 1545 1549 1564 1548 1535 1548 1554
1595 1643 1694 1694 1699 1613 1418 1375 1572 1580 1574 1571 1498 1591 1533 1614 1639 1498 1470 1603 1815 1765 1492 1450 1515 1617 1810 2127 2181 2088 2273 2056 1840 1977 2093 2210 2066 2045 2041 2097 2348 2232 2131 2404 2567 2560 2529 2551 2511 2477 2444 2389 2334 2277 2225 2138 2079 2139 2209 2187 2106 1947 1828 1710 1890 1888 1791 1601 1550 1548 1578 1578 1572 1565 1543 1559 1566 1536 1535 1522 1517 1517 1516 1518 1517 1523 1529
1652 1709 1752 1701 1409 1275 1269 1334 1584 1720 1740 1738 1650 1674 1699 1700 1688 1492 1481 1700 1566 1443 1452 1412 1436 1493 1645 1764 1882 1835 1895 2059 1858 2190 2446 2487 2456 2285 2307 2234 2098 2147 2393 2557 2518 2554 2546 2532 2509 2481 2401 2345 2310 2253 2200 2177 2315 2340 2281 2201 2140 2110 1904 1878 1887 1935 1806 1663 1767 1674 1536 1554 1530 1549 1528 1531 1528 1499 1499 1508 1513 1508 1514 1522 1535 1547 1560
1680 1763 1703 1327 1263 1269 1309 1372 1777 1891 1967 1918 1882 1877 1844 1745 1614 1533 1602 1421 1464 1600 1722 1686 1426 1403 1485 1633 1747 1686 1659 1731 1752 2171 2347 2407 2519 2629 2765 2737 2617 2648 2708 2626 2519 2523 2513 2504 2485 2446 2463 2391 2331 2301 2342 2428 2429 2376 2277 2248 2194 2031 1922 2041 1994 1940 1841 1763 1832 1781 1599 1702 1651 1596 1534 1531 1514 1505 1516 1540 1551 1538 1530 1558 1573 1581 1582
1570 1635 1412 1260 1275 1313 1335 1404 1614 1717 1828 1920 2030 2004 1830 1676 1684 1694 1718 1737 1716 1560 1814 2030 1652 1415 1446 1634 1684 1574 1559 1576 1688 1838 2022 2125 2243 2439 2687 2811 2784 2724 2653 2628 2581 2553 2506 2522 2513 2498 2495 2441 2408 2465 2474 2423 2356 2316 2245 2233 2106 1967 2102 2078 2025 1952 1944 1901 1825 1710 1590 1709 1687 1637 1622 1588 1557 1533 1546 1560 1568 1565 1537 1555 1579 1577 1583
1629 1322 1257 1310 1303 1344 1414 1571 1553 1567 1621 1686 1744 1742 1712 1760 1894 1821 1841 1943 1830 1646 1834 2156 2025 1610 1424 1592 1552 1489 1523 1625 1750 1875 2134 2255 2170 2257 2394 2587 2768 2764 2711 2639 2649 2619 2583 2561 2544 2503 2548 2584 2575 2574 2478 2359 2204 2136 2085 2036 2064 2176 2158 2115 2060 2033 1966 1800 1681 1691 1696 1746 1722 1673 1632 1606 1577 1540 1557 1567 1580 1579 1567 1551 1559 1571 1590
1287 1277 1340 1466 1377 1362 1469 1868 2007 1849 1745 1677 1716 1772 1811 1863 1988 2080 2139 2170 1887 1732 1871 2180 1989 1649 1425 1430 1441 1688 1806 1931 2082 2217 2240 2276 2316 2298 2299 2412 2646 2722 2742 2731 2708 2658 2618 2588 2551 2545 2572 2524 2466 2414 2341 2249 2280 2271 2227 2208 2276 2254 2183 2151 2113 2073 2010 1780 1779 1799 1744 1799 1754 1712 1664 1637 1604 1567 1566 1583 1592 1593 1590 1577 1584 1578 1585
1378 1390 1502 1444 1531 1407 1456 1564 1827 2070 1981 1800 1786 1789 1925 2114 2165 2282 2349 2177 1941 1805 2032 2218 2027 1832 1533 1489 1500 1535 1934 2058 2218 2250 2090 2149 2203 2245 2239 2297 2439 2613 2662 2745 2731 2664 2646 2597 2581 2611 2660 2532 2469 2438 2368 2385 2442 2376 2411 2389 2331 2265 2249 2192 2123 1959 1807 1857 1956 1911 1808 1859 1810 1754 1700 1685 1629 1596 1599 1596 1601 1607 1606 1591 1599 1600 1592
1542 1394 1452 1497 1617 1542 1655 1653 1656 2063 2216 2095 1894 1864 2005 2358 2323 2315 2236 2063 1927 2002 2239 2155 1989 1888 1853 1707 1802 1441 1754 2051 2109 2056 2073 2143 2090 2138 2202 2271 2351 2452 2614 2675 2735 2734 2668 2628 2605 2639 2651 2538 2518 2443 2507 2548 2525 2509 2422 2316 2253 2267 2224 1960 1870 1917 2072 2074 1949 1866 1905 1892 1846 1779 1709 1675 1671 1651 1632 1626 1622 1623 1621 1606 1614 1610 1600
1792 1565 1458 1491 1551 1665 1947 2090 1846 1973 2232 2342 2266 2043 2048 2419 2408 2297 2181 2059 2042 2285 2301 2278 2214 1993 1914 1972 1793 1491 1725 1932 1936 1919 1991 2085 2007 2048 2141 2199 2272 2380 2477 2593 2676 2737 2713 2676 2609 2673 2666 2587 2518 2578 2662 2631 2561 2420 2269 2115 2061 2025 1916 1966 2166 2181 2131 2018 1901 2023 1983 1899 1841 1862 1716 1711 1742 1698 1671 1658 1645 1639 1638 1625 1623 1628 1613
1843 1891 1720 1541 1602 1656 1719 1960 2138 2169 2248 2399 2522 2405 2382 2375 2425 2312 2228 2219 2263 2334 2354 2305 2195 2183 2235 2109 1954 1761 1654 1755 1789 1856 2018 2017 1955 2059 2116 2182 2379 2371 2360 2465 2553 2658 2724 2687 2648 2709 2743 2665 2619 2612 2568 2476 2433 2299 2188 2210 2105 2014 1959 2225 2268 2229 2164 1984 2085 2067 1972 1906 1918 1776 1803 1776 1770 1758 1722 1691 1680 1668 1657 1647 1634 1643 1634
1746 1830 1962 1858 1666 1706 1795 1851 1954 2024 2165 2390 2599 2673 2564 2485 2306 2355 2438 2435 2406 2335 2339 2377 2348 2316 2259 2099 1896 1741 1612 1763 1778 1863 2023 1928 1986 2051 2104 2044 2162 2301 2519 2618 2720 2775 2778 2785 2731 2709 2668 2600 2518 2442 2415 2356 2340 2368 2341 2155 2248 2191 2031 2308 2310 2251 2057 2112 2153 2099 2006 1965 1887 1874 1888 1828 1795 1817 1781 1741 1712 1701 1680 1667 1652 1675 1659
