topo983by450.txt
ncols        983
nrows        450
xllcorner    -123.941666666667
yllcorner    32.991666666667
cellsize     0.016666666667
[rows 114 to 151 of 450, columns 522 to 608 of 983]
1817 1775 1718 1660 1620 1613 1614 1615 1615 1610 1620 1645 1682 1734 1805 1898 2061 2205 2251 2139 2114 2077 2038 1992 1956 1927 1903 1923 1995 2149 2435 2266 2050 1934 1870 1824 1807 1807 1808 1811 1818 1836 1866 1906 1946 1995 2071 2211 2042 1922 1870 1845 1840 1842 1846 1850 1861 1935 1904 1801 1764 1754 1744 1736 1731 1733 1731 1730 1748 1777 1815 1866 1930 2012 2159 2354 2276 2186 2149 2044 2000 1950 1915 1872 1791 1753 1720
1752 1723 1741 1682 1612 1610 1612 1612 1612 1607 1618 1638 1670 1712 1769 1846 1985 2059 2154 2141 2164 2149 2122 2149 2076 1941 1891 1906 1977 2153 2396 2209 2039 1928 1862 1822 1808 1806 1807 1809 1815 1833 1859 1890 1929 1981 2063 2314 2131 1929 1876 1854 1851 1856 1858 1864 1882 1961 1953 1809 1757 1742 1737 1736 1737 1740 1738 1741 1764 1793 1828 1875 1938 2027 2188 2459 2306 2238 2159 2074 2020 1959 1918 1887 1809 1755 1707
1704 1680 1722 1712 1609 1608 1608 1609 1609 1604 1616 1633 1659 1696 1746 1803 1925 1987 2092 2102 2233 2261 2380 2272 2022 1887 1875 1889 1963 2228 2415 2163 2005 1925 1867 1827 1809 1806 1806 1807 1811 1822 1844 1871 1914 2025 2175 2342 2063 1944 1893 1869 1866 1874 1875 1879 1898 1962 2048 1849 1768 1741 1739 1741 1743 1747 1744 1753 1784 1814 1850 1897 1960 2047 2198 2415 2349 2308 2215 2132 2054 1985 1993 1917 1838 1771 1713
1679 1649 1676 1642 1606 1603 1605 1606 1603 1602 1612 1625 1649 1681 1720 1771 1888 1975 2062 2258 2423 2379 2349 2090 1912 1863 1865 1879 1955 2161 2337 2180 2004 1927 1865 1826 1808 1806 1805 1806 1807 1811 1822 1844 1899 2054 2274 2346 2173 1955 1900 1884 1882 1895 1897 1897 1907 1953 2035 1901 1807 1758 1745 1748 1751 1753 1753 1757 1794 1832 1871 1919 1981 2058 2177 2402 2498 2439 2295 2162 2085 2046 2122 1982 1869 1788 1723
1682 1640 1623 1612 1606 1601 1603 1603 1598 1603 1606 1616 1634 1657 1693 1749 1963 2182 2497 2520 2518 2299 2070 1916 1857 1854 1856 1876 1951 2098 2338 2191 2019 1921 1868 1822 1808 1806 1805 1805 1806 1808 1811 1827 1895 1985 2132 2231 2182 1981 1920 1903 1899 1917 1923 1920 1926 1947 1994 2020 1870 1777 1755 1756 1759 1761 1763 1759 1794 1835 1881 1936 1990 2066 2171 2371 2638 2460 2279 2190 2119 2084 2107 1995 1870 1798 1738
1671 1646 1627 1613 1606 1600 1598 1602 1595 1601 1600 1608 1619 1638 1673 1759 1917 2250 2653 2577 2270 2033 1921 1857 1844 1846 1848 1863 1962 2195 2313 2083 1970 1905 1860 1831 1811 1806 1805 1805 1805 1807 1810 1832 1875 1934 2116 2111 2094 1978 1941 1973 1998 1977 1955 1956 1952 1981 2106 2145 1945 1829 1779 1773 1772 1772 1772 1768 1777 1820 1879 2015 2016 2073 2181 2352 2649 2459 2345 2222 2175 2164 2136 1969 1862 1798 1745
1679 1652 1629 1613 1604 1599 1594 1599 1592 1597 1595 1600 1607 1620 1662 1738 1966 2427 2544 2257 2020 1911 1851 1838 1839 1840 1843 1870 1997 2293 2280 2068 1965 1897 1864 1838 1816 1808 1805 1805 1806 1807 1810 1818 1839 1880 1971 2000 1959 1949 1980 2012 2024 2012 1993 2004 1991 1994 2076 2165 2073 1906 1814 1796 1791 1786 1782 1779 1775 1824 1892 2044 2047 2082 2183 2305 2621 2575 2379 2247 2197 2132 2172 1995 1877 1803 1757
1677 1652 1630 1614 1604 1611 1595 1597 1589 1593 1591 1594 1599 1613 1662 1762 2007 2292 2251 2020 1911 1849 1834 1835 1835 1837 1848 1891 2011 2217 2184 2024 1949 1972 2009 1847 1817 1809 1806 1806 1806 1808 1810 1815 1827 1854 1892 1906 1917 1962 2037 2127 2106 2059 2054 2116 2046 2023 2068 2172 2204 2039 1867 1825 1814 1802 1794 1786 1793 1842 1891 1957 2006 2050 2122 2200 2407 2537 2315 2238 2165 2082 2072 1991 1875 1818 1779
1666 1644 1626 1611 1602 1599 1591 1595 1589 1585 1589 1588 1595 1613 1684 1786 1984 2184 2001 1910 1862 1832 1831 1832 1832 1833 1844 1894 2042 2152 2073 2002 2010 2205 2353 1916 1811 1808 1807 1807 1809 1810 1813 1819 1831 1846 1864 1886 1922 1978 2095 2290 2222 2157 2093 2207 2101 2066 2040 2044 2026 2061 1914 1853 1835 1818 1806 1790 1809 1851 1890 1929 1975 2030 2105 2176 2244 2324 2314 2256 2179 2092 2115 1967 1882 1837 1793
1651 1633 1617 1604 1597 1594 1589 1588 1589 1579 1586 1589 1595 1623 1796 2045 2164 2088 1962 1871 1831 1828 1828 1828 1828 1830 1876 2054 2111 2046 1953 1949 2058 2393 2320 1973 1822 1809 1808 1809 1810 1813 1817 1822 1830 1843 1865 1897 1939 1996 2106 2298 2285 2190 2120 2181 2169 2099 2046 2013 1973 1933 1913 1871 1850 1832 1816 1799 1811 1847 1881 1916 1951 1992 2080 2115 2139 2203 2269 2259 2182 2138 2161 2013 1888 1845 1810
1634 1620 1609 1600 1593 1591 1587 1582 1585 1578 1588 1599 1610 1675 1931 2323 2336 2084 2029 1844 1826 1826 1826 1826 1827 1832 1945 2021 1955 1922 1899 1935 2063 2274 2193 1955 1823 1809 1809 1809 1811 1815 1822 1828 1835 1848 1873 1906 1953 2015 2140 2327 2260 2208 2238 2296 2242 2141 2086 2086 2057 1959 1938 1891 1868 1848 1831 1814 1804 1834 1864 1898 1934 1980 2037 2062 2094 2146 2242 2246 2189 2137 2030 1964 1909 1866 1826
1620 1609 1601 1594 1591 1590 1585 1580 1579 1583 1595 1612 1643 1709 1873 2132 2092 2058 2009 1857 1824 1824 1824 1824 1825 1847 1997 1908 1891 1874 1869 1920 2030 2091 2017 1902 1834 1812 1810 1811 1812 1816 1824 1834 1844 1854 1876 1918 1979 2023 2137 2262 2317 2260 2364 2458 2348 2250 2181 2125 2088 1990 1947 1910 1884 1862 1846 1829 1819 1814 1850 1888 1918 1952 1993 2032 2066 2108 2158 2185 2142 2086 2044 1978 1932 1881 1840
1608 1600 1593 1588 1591 1595 1590 1579 1579 1590 1598 1617 1657 1709 1835 1958 2021 2004 2058 1857 1823 1823 1823 1823 1824 1935 1978 1863 1849 1839 1860 1925 2049 2062 1990 1901 1845 1816 1812 1813 1815 1821 1830 1842 1856 1866 1879 1926 1979 2049 2065 2113 2151 2308 2380 2492 2476 2431 2286 2163 2065 2013 1971 1932 1900 1880 1864 1848 1836 1827 1832 1869 1909 1944 1984 2041 2092 2129 2162 2153 2148 2101 2068 2044 1993 1912 1863
1600 1592 1586 1587 1656 1593 1585 1576 1584 1595 1604 1615 1645 1730 1999 2275 2112 2077 2016 1872 1825 1822 1822 1823 1826 1931 1901 1836 1820 1813 1851 1926 2076 2282 2188 2001 1880 1826 1817 1816 1816 1821 1830 1844 1859 1876 1890 1911 1944 1992 2020 2054 2153 2326 2455 2470 2505 2566 2390 2230 2113 2043 1989 1946 1921 1900 1879 1864 1853 1845 1836 1840 1883 1921 1973 2083 2164 2194 2210 2167 2123 2074 2036 2030 2010 1929 1882
1595 1589 1581 1592 1611 1574 1572 1580 1590 1605 1622 1633 1657 1791 2040 2200 2170 2090 1989 1867 1824 1822 1822 1825 1888 2167 1955 1829 1794 1795 1841 1921 2050 2314 2373 2075 1904 1846 1828 1820 1817 1819 1828 1842 1857 1877 1899 1921 1941 1969 2019 2067 2170 2326 2437 2380 2394 2543 2549 2431 2293 2104 2016 1968 1942 1917 1904 1883 1875 1870 1860 1845 1856 1903 1961 2064 2280 2277 2280 2233 2163 2093 2042 2010 1978 1942 1906
1588 1581 1578 1576 1572 1571 1580 1589 1598 1614 1638 1662 1710 1872 1996 2004 2080 2022 1908 1851 1825 1822 1824 1872 2133 2211 1951 1840 1779 1782 1830 1897 2014 2268 2192 2047 1926 1871 1844 1826 1820 1820 1827 1839 1858 1889 1925 1958 1978 1988 2030 2103 2218 2430 2476 2316 2260 2350 2327 2275 2183 2092 2045 2018 1978 1952 1944 1914 1911 1900 1885 1868 1851 1890 1941 2016 2149 2186 2249 2337 2218 2138 2126 2087 2110 2003 1945
1580 1572 1566 1565 1573 1583 1594 1607 1616 1634 1661 1766 1730 1777 1840 1896 1980 1947 1875 1834 1825 1825 1873 2026 2161 2030 1879 1808 1756 1769 1804 1857 1989 2019 2020 2000 2007 1950 1866 1836 1823 1821 1829 1845 1870 1905 1974 2076 2076 2059 2060 2110 2190 2435 2525 2414 2288 2202 2199 2264 2282 2186 2187 2206 2135 2039 2063 1980 1949 1933 1916 1892 1872 1871 1937 1990 2043 2118 2191 2312 2333 2234 2257 2206 2180 2033 1973
1580 1568 1562 1576 1581 1592 1610 1639 1674 1733 1751 1919 1763 1764 1804 1846 1891 1930 1889 1838 1837 1860 2043 2108 1967 1876 1807 1761 1736 1766 1801 1837 1879 1947 2073 2150 2218 2016 1900 1854 1833 1825 1835 1857 1885 1921 1989 2046 2122 2155 2252 2182 2238 2380 2528 2413 2327 2220 2161 2239 2328 2234 2327 2256 2223 2183 2194 2056 2025 1993 1956 1923 1897 1870 1915 1962 2025 2171 2284 2301 2357 2410 2325 2316 2173 2065 2001
1581 1569 1560 1571 1585 1604 1632 1707 1759 1820 1837 1782 1749 1763 1802 1820 1852 1908 1876 1871 1873 1935 2125 1998 1862 1800 1756 1722 1732 1764 1798 1835 1885 1965 2026 2105 2098 2004 1921 1875 1846 1831 1840 1862 1889 1920 1977 2080 2187 2313 2428 2292 2303 2470 2415 2288 2201 2153 2144 2255 2326 2211 2139 2138 2189 2196 2222 2207 2162 2085 2009 1962 1924 1889 1901 1956 2014 2089 2188 2275 2353 2478 2348 2247 2164 2103 2024
1579 1571 1563 1559 1576 1613 1652 1704 1750 1807 1819 1752 1727 1746 1782 1828 1805 1825 1836 1892 1920 2015 2058 1887 1790 1744 1715 1702 1732 1764 1800 1838 1882 1923 1980 2065 2019 1965 1919 1883 1853 1832 1838 1862 1892 1930 1974 2040 2149 2300 2523 2493 2349 2415 2302 2247 2182 2141 2094 2181 2195 2153 2141 2119 2085 2132 2196 2369 2380 2287 2159 2064 1974 1924 1893 1950 2006 2063 2123 2216 2356 2612 2590 2303 2176 2067 2020
1590 1576 1567 1557 1564 1601 1639 1679 1738 1815 1769 1724 1709 1727 1754 1772 1786 1806 1831 1870 1935 2035 1902 1799 1734 1699 1681 1703 1733 1763 1795 1831 1872 1936 2015 2066 2030 1949 1912 1878 1850 1826 1830 1856 1890 1940 1975 2028 2124 2294 2628 2631 2530 2510 2345 2261 2190 2149 2107 2060 2094 2136 2071 2061 2047 2106 2192 2375 2667 2560 2379 2212 2029 1953 1903 1948 1997 2050 2109 2179 2279 2438 2466 2269 2231 2129 2061
1602 1582 1569 1562 1557 1581 1614 1652 1703 1768 1760 1702 1699 1720 1734 1787 1845 1854 1866 1894 1936 1956 1843 1762 1708 1671 1676 1703 1729 1760 1795 1834 1887 2024 2054 2115 2085 1992 1911 1871 1843 1816 1825 1852 1884 1918 1954 2015 2114 2280 2506 2595 2587 2455 2333 2239 2168 2114 2070 2022 2020 2045 2026 2006 2026 2072 2142 2254 2439 2671 2502 2222 2068 1980 1915 1937 1989 2040 2095 2176 2263 2404 2525 2346 2255 2169 2092
1608 1586 1569 1566 1565 1561 1584 1618 1672 1747 1729 1686 1685 1697 1727 1772 1831 1883 1903 1951 2051 2118 1880 1742 1683 1650 1668 1694 1726 1764 1806 1862 1934 2001 2068 2058 2038 2008 1913 1859 1830 1803 1816 1839 1867 1894 1932 1992 2071 2210 2305 2278 2454 2439 2259 2198 2157 2116 2074 2058 2011 1974 1983 1968 1986 2040 2101 2178 2294 2559 2460 2346 2105 1982 1929 1933 1982 2028 2076 2140 2244 2329 2501 2404 2247 2182 2121
1602 1587 1587 1596 1598 1580 1560 1575 1622 1690 1854 1725 1660 1683 1718 1759 1826 1946 1977 1992 2091 1982 1818 1718 1659 1633 1657 1684 1717 1759 1821 1911 1947 2043 2005 1962 1935 1919 1884 1835 1810 1793 1803 1825 1845 1873 1910 1956 2028 2088 2135 2229 2455 2360 2238 2162 2114 2079 2042 2015 1997 1984 1937 1927 1968 2014 2065 2127 2227 2330 2268 2171 2064 1994 1952 1927 1977 2023 2071 2145 2261 2301 2461 2582 2328 2230 2159
1609 1621 1625 1636 1639 1621 1586 1556 1590 1642 1741 1753 1641 1661 1692 1738 1858 1990 2020 1978 1899 1819 1735 1675 1630 1623 1668 1684 1721 1769 1826 1904 1995 2042 1994 1979 1938 1878 1853 1828 1803 1780 1793 1809 1829 1855 1886 1927 1978 2015 2090 2184 2294 2265 2230 2186 2139 2083 2036 1994 1945 1938 1942 1899 1943 1979 2015 2070 2186 2322 2361 2171 2051 1999 1966 1934 1978 2020 2063 2128 2266 2339 2594 2669 2445 2281 2182
1706 1701 1762 1715 1686 1655 1614 1575 1558 1591 1649 1676 1619 1634 1667 1715 1777 1859 1878 1931 1813 1743 1685 1642 1605 1626 1658 1703 1730 1759 1827 1910 1928 1944 1960 1903 1901 1855 1835 1817 1798 1772 1781 1797 1817 1842 1872 1906 1936 1972 2046 2141 2302 2375 2334 2264 2177 2118 2041 2002 1978 1917 1885 1895 1932 1934 1963 2038 2134 2235 2359 2216 2078 2024 1983 1943 1966 1999 2038 2111 2259 2324 2500 2653 2392 2370 2261
1779 1848 1837 1779 1762 1740 1658 1618 1585 1553 1563 1592 1590 1609 1644 1682 1727 1772 1814 1845 1776 1703 1656 1616 1590 1614 1651 1714 1698 1717 1764 1814 1822 1867 1852 1835 1879 1837 1816 1800 1786 1771 1764 1787 1807 1829 1853 1876 1898 1922 1973 2075 2195 2349 2524 2519 2316 2164 2084 2041 1986 1921 1877 1875 1888 1889 1919 2008 2119 2232 2354 2223 2136 2052 2004 1964 1942 1977 2022 2077 2165 2255 2344 2592 2571 2374 2228
1673 1755 1818 1860 1861 1793 1718 1672 1624 1588 1567 1548 1562 1581 1610 1646 1685 1716 1742 1760 1759 1697 1628 1596 1573 1601 1620 1619 1642 1688 1727 1727 1747 1777 1776 1795 1878 1832 1805 1790 1780 1760 1759 1779 1796 1813 1831 1847 1864 1884 1924 2021 2070 2192 2287 2371 2368 2204 2106 2050 1988 1922 1875 1837 1845 1862 1896 1992 2095 2178 2292 2290 2164 2080 2028 1984 1950 1964 2004 2048 2103 2164 2269 2425 2587 2337 2232
1640 1714 1838 1932 1965 1954 1841 1766 1666 1637 1611 1573 1542 1538 1568 1605 1637 1658 1692 1725 1686 1663 1602 1574 1561 1563 1571 1587 1604 1631 1663 1696 1691 1708 1730 1815 1955 1894 1833 1787 1767 1749 1756 1767 1784 1798 1810 1823 1837 1858 1902 1947 2004 2112 2103 2158 2305 2181 2139 2022 1979 1910 1864 1838 1828 1846 1891 1977 2057 2157 2292 2354 2219 2097 2033 1998 1961 1955 1992 2027 2064 2114 2182 2238 2353 2335 2271
1615 1676 1745 1822 1851 1924 1978 1888 1766 1694 1653 1619 1587 1555 1533 1583 1629 1684 1668 1695 1679 1626 1592 1565 1552 1548 1549 1559 1575 1596 1648 1660 1647 1683 1739 1822 2053 2113 1962 1838 1780 1744 1741 1756 1770 1781 1791 1802 1811 1839 1872 1902 1944 1995 2007 2090 2298 2267 2133 2052 2006 1933 1870 1835 1811 1838 1895 1979 2058 2135 2228 2328 2209 2102 2049 2010 1982 1956 1970 2001 2027 2059 2096 2126 2168 2287 2282
1589 1633 1681 1729 1773 1819 1870 1863 1858 1822 1744 1686 1641 1599 1539 1532 1594 1668 1664 1680 1676 1682 1608 1567 1541 1536 1534 1536 1548 1560 1586 1655 1663 1700 1766 1854 1979 2215 2182 1931 1825 1764 1731 1738 1750 1762 1774 1777 1796 1821 1846 1872 1902 1952 2061 2051 2163 2294 2210 2101 2014 1956 1900 1847 1806 1839 1902 1981 2060 2177 2219 2342 2240 2118 2062 2025 1991 1966 1960 1981 2002 2029 2056 2096 2151 2275 2318
1575 1610 1651 1705 1792 1861 1915 2138 2274 2075 1905 1753 1703 1647 1582 1521 1553 1594 1639 1680 1715 1657 1637 1589 1531 1528 1521 1520 1527 1540 1551 1628 1746 1731 1768 1849 1950 2146 2336 2064 1879 1789 1746 1723 1732 1742 1747 1766 1784 1804 1825 1851 1872 1909 1996 1990 2018 2065 2084 2076 2013 1976 1918 1850 1808 1857 1929 2004 2089 2215 2348 2376 2266 2139 2077 2036 2003 1985 1966 1965 1988 2009 2035 2069 2121 2203 2181
1562 1591 1629 1680 1733 1808 1910 2107 2233 2112 1976 1840 1759 1686 1608 1538 1510 1560 1614 1672 1744 1650 1595 1560 1535 1519 1512 1507 1508 1516 1520 1546 1692 1772 1738 1820 1949 2181 2461 2244 1932 1832 1775 1736 1715 1726 1724 1743 1764 1781 1801 1823 1834 1853 1888 1918 1943 1968 2011 2141 2088 2042 1951 1853 1822 1876 1953 2031 2094 2185 2344 2445 2325 2194 2101 2045 2016 1993 1980 1967 1977 1995 2017 2048 2101 2158 2164
1555 1586 1624 1669 1723 1795 1925 2042 2226 2186 2095 1991 1952 1806 1627 1563 1507 1529 1600 1676 1736 1638 1601 1575 1538 1512 1501 1497 1493 1495 1498 1501 1587 1688 1700 1796 1963 2269 2520 2279 2026 1884 1807 1760 1724 1710 1706 1724 1741 1750 1775 1792 1806 1832 1857 1880 1901 1922 1976 2105 2109 1967 1948 1818 1878 1921 1981 2037 2102 2180 2306 2362 2291 2235 2115 2066 2028 2004 1989 1977 1970 1984 2005 2042 2129 2186 2062
1558 1586 1626 1677 1744 1815 1896 1997 2179 2267 2161 1998 1890 1758 1646 1576 1512 1520 1600 1701 1713 1658 1649 1591 1527 1497 1490 1486 1483 1481 1482 1504 1555 1613 1672 1764 1954 2272 2480 2243 2040 1905 1828 1779 1748 1725 1704 1698 1712 1736 1754 1768 1791 1817 1832 1856 1886 1900 1929 1960 1945 1924 1852 1925 1981 1976 1984 2044 2121 2208 2279 2338 2399 2325 2131 2065 2035 2014 1997 1984 1976 1982 2017 2048 2087 2153 2008
1560 1593 1633 1677 1741 1807 1902 2000 2217 2405 2194 2011 1893 1746 1635 1565 1507 1543 1633 1765 1750 1737 1680 1562 1512 1484 1478 1476 1473 1470 1474 1498 1538 1591 1663 1758 1881 2044 2333 2349 2075 1931 1843 1795 1767 1741 1715 1691 1701 1715 1742 1751 1784 1792 1820 1873 1901 1920 1889 1895 1873 1864 1847 1932 2021 2045 2017 2077 2203 2348 2391 2320 2262 2222 2117 2074 2044 2020 2001 1988 1987 2009 2062 2213 2135 2038 1948
1560 1591 1634 1719 1781 1833 1888 2066 2384 2234 2250 2037 1869 1732 1644 1564 1499 1575 1653 1768 1833 1826 1652 1551 1504 1475 1467 1466 1464 1460 1464 1490 1535 1593 1656 1741 1832 1980 2194 2406 2139 1948 1863 1821 1788 1764 1734 1698 1685 1699 1710 1733 1744 1761 1798 1808 1825 1847 1851 1830 1818 1732 1826 1864 1918 1960 2016 2113 2224 2295 2379 2464 2287 2243 2142 2078 2044 2021 2002 2000 2017 2066 2128 2266 2271 2081 2014
1562 1599 1649 1718 1821 1876 1926 2014 2126 2074 2192 2100 1856 1701 1609 1522 1499 1579 1660 1747 1868 1745 1616 1547 1497 1467 1458 1455 1453 1450 1454 1484 1534 1630 1662 1737 1832 1946 2140 2268 2136 1963 1899 1848 1811 1783 1752 1720 1692 1678 1684 1713 1712 1731 1745 1765 1788 1808 1818 1778 1723 1717 1826 1891 1933 1972 2025 2119 2265 2445 2454 2457 2353 2280 2245 2109 2047 2020 2013 2042 2091 2213 2170 2237 2147 2042 2035
